 3  1  1 E -0.0E+0 DE 0.0E+0( 1) 
 8.96536240000000006E+00 0.00000000000000000E+00 0.00000000000000000E+00 
 4.47614728695973607E+00 7.76800028506544038E+00 0.00000000000000000E+00 
 0.00000000000000000E+00 0.00000000000000000E+00 1.46387584600000000E+01 
  1 
 1.00000000000000000E+00 0.00000000000000000E+00 0.00000000000000000E+00 
 0.00000000000000000E+00 1.00000000000000000E+00 0.00000000000000000E+00 
 0.00000000000000000E+00 0.00000000000000000E+00 1.00000000000000000E+00 
 0.00000000000000000E+00 0.00000000000000000E+00 0.00000000000000000E+00 
       96 
    8   4.4623983400000000  2.5777573399999998  4.1238691799999998 
    8   2.2546759999999999  1.3074729899999999  0.4660078000000000 
    1   5.2748952300000003  2.1364817299999999  3.7807719899999999 
    1   1.4452934099999999  1.7437417200000001  0.1200383800000000 
    1   4.4859083699999998  3.4972235500000002  3.7842210100000000 
    1   2.2389008600000002  0.3831206100000000  0.1230288500000000 
    8   2.2258607800000001  1.2842865200000000  3.2066853599999998 
    8   4.4979324099999998  2.5964360399999999  6.8691879599999996 
    1   2.2358845600000001  1.2989952800000000  2.2271851100000002 
    1   4.4795350899999997  2.5920936800000001  5.8844314000000004 
    1   3.0289286199999998  1.7532758300000000  3.5078600199999999 
    1   3.6904278399999999  2.1327708799999998  7.1652927899999996 
    8   4.4623083000000001  2.5749210800000002 11.4358159599999993 
    8   2.2664575600000001  1.3066559799999999  7.7829514399999997 
    1   5.2734728700000000  2.1347150199999998 11.1009253700000006 
    1   1.4532081800000001  1.7497199600000000  7.4497907699999999 
    1   4.4817418499999997  3.4993436500000001 11.1063472300000008 
    1   2.2348074000000002  0.3824487100000000  7.4372333900000003 
    8   2.2209877900000001  1.2854782300000001 10.5311151800000005 
    8   4.4995454700000002  2.6010173900000000 14.1826875399999999 
    1   2.2429725899999999  1.2987408499999999  9.5445060900000005 
    1   4.4783805100000000  2.5955280500000000 13.2027947500000007 
    1   3.0341268700000001  1.7536043699999999 10.8257773299999993 
    1   3.6847081500000001  2.1320837400000001 14.4930481400000009 
    8   6.6995784799999996  6.4622251300000002  4.1216352000000001 
    8   4.4984136699999997  5.1874943000000000  0.4638663500000000 
    1   7.5074043300000000  6.0186117699999997  3.7827665200000000 
    1   3.6932895399999999  5.6366515300000000  0.1177006900000000 
    1   6.7224376699999997  7.3908644700000004  3.7787584100000000 
    1   4.4752240900000002  4.2631031899999998  0.1215458000000000 
    8   4.4608211999999998  5.1673862899999996  3.2098844799999999 
    8   6.7361616800000004  6.4955758200000000  6.8656554700000001 
    1   4.4788837900000003  5.1782963400000002  2.2270202299999999 
    1   6.7194036400000003  6.4716744300000002  5.8827959600000002 
    1   5.2679305599999999  5.6358097699999998  3.5103694999999999 
    1   5.9258444199999998  6.0118646900000003  7.1734706399999997 
    8   6.6997521300000002  6.4593843199999998 11.4431188899999992 
    8   4.4960503899999997  5.1844360700000003  7.7776734799999998 
    1   7.5130872200000001  6.0271618000000000 11.0990596200000002 
    1   3.6863004099999999  5.6339921100000003  7.4384362900000003 
    1   6.7213126100000000  7.3912208300000000 11.1023671099999994 
    1   4.4678107599999999  4.2617335499999998  7.4429708300000001 
    8   4.4550733400000002  5.1625365299999997 10.5265063199999993 
    8   6.7400646100000001  6.4840713499999998 14.1931976700000000 
    1   4.4825508899999997  5.1766846500000003  9.5452721700000005 
    1   6.7164101000000000  6.4736944200000002 13.2044377900000001 
    1   5.2710581100000002  5.6330527799999999 10.8287893099999994 
    1   5.9221102600000002  6.0149430099999996 14.4912364900000004 
    8   8.9464799199999998  2.5831101400000001  4.1192585700000004 
    8   6.7379462600000002  1.3076452700000001  0.4616432700000000 
    1   9.7538252399999994  2.1344191200000000  3.7851685300000000 
    1   5.9351705099999998  1.7461529600000001  0.1228511200000000 
    1   8.9652805499999992  3.5058090599999998  3.7897014900000001 
    1   6.7226942799999998  0.3778184200000000  0.1204233500000000 
    8   6.7072435500000003  1.2815112300000000  3.2092073800000001 
    8   8.9854012000000001  2.6052919800000001  6.8681636800000003 
    1   6.7218127699999997  1.2975863500000000  2.2263210400000002 
    1   8.9570158600000003  2.5882407399999998  5.8823037600000001 
    1   7.5139158400000001  1.7505335700000000  3.5106545800000002 
    1   8.1727762500000001  2.1330878100000001  7.1730106300000003 
    8   8.9456304699999993  2.5797086700000000 11.4413838800000001 
    8   6.7391949799999997  1.3057523700000000  7.7848411899999999 
    1   9.7507876099999997  2.1388688700000000 11.1038508300000007 
    1   5.9303304800000003  1.7533829299999999  7.4398939300000002 
    1   8.9696944399999996  3.5057566800000002 11.1033741700000004 
    1   6.7191750299999997  0.3826993500000000  7.4505150699999998 
    8   6.7060648000000000  1.2799007000000000 10.5285258400000004 
    8   8.9849059300000000  2.6026428699999999 14.1880332100000004 
    1   6.7240983900000000  1.2956982600000000  9.5531151300000001 
    1   8.9680971500000002  2.5882414599999999 13.2035819100000005 
    1   7.5141410300000002  1.7563233899999999 10.8284008600000003 
    1   8.1697814399999995  2.1311018900000001 14.4900668699999997 
    8  11.1817890700000007  6.4643981699999999  4.1222075199999999 
    8   8.9798940100000006  5.1881828800000003  0.4570879800000000 
    1  11.9907524799999994  6.0239997900000004  3.7850546199999999 
    1   8.1697766099999996  5.6343622800000004  0.1229630100000000 
    1  11.2077839699999995  7.3866136500000001  3.7887406499999998 
    1   8.9558435599999999  4.2682875200000003  0.1267639200000000 
    8   8.9417640100000000  5.1709763300000002  3.2081794299999999 
    8  11.2187354199999998  6.4853276099999997  6.8688905900000004 
    1   8.9617351900000006  5.1793075699999997  2.2317924599999999 
    1  11.2037134700000003  6.4672136699999996  5.8864571100000003 
    1   9.7482056200000002  5.6386639799999996  3.5162992499999999 
    1  10.4096314400000001  6.0157564199999998  7.1665966299999999 
    8  11.1803938499999997  6.4687019399999999 11.4448574300000008 
    8   8.9817901199999994  5.1912542799999999  7.7812677099999998 
    1  11.9945145899999996  6.0150603699999996 11.1051927399999997 
    1   8.1677994500000004  5.6303679000000004  7.4441480999999996 
    1  11.2017418000000006  7.3864348599999996 11.1013046000000006 
    1   8.9625411499999998  4.2667811100000002  7.4459239699999999 
    8   8.9415566599999998  5.1699651199999996 10.5313914999999998 
    8  11.2176730500000001  6.4858644200000004 14.1898299600000009 
    1   8.9629974699999995  5.1807114800000003  9.5457739700000008 
    1  11.1959547399999995  6.4744557699999996 13.2049534499999996 
    1   9.7538302199999993  5.6331902899999999 10.8300510100000000 
    1  10.4064296899999995  6.0062381699999996 14.4931230699999993 
