 3  1  1 E -0.0E+0 DE 0.0E+0( 1) 
 8.96536240000000006E+00 0.00000000000000000E+00 0.00000000000000000E+00 
 4.47614728695973607E+00 7.76800028506544038E+00 0.00000000000000000E+00 
 0.00000000000000000E+00 0.00000000000000000E+00 1.46387584600000000E+01 
  1 
 1.00000000000000000E+00 0.00000000000000000E+00 0.00000000000000000E+00 
 0.00000000000000000E+00 1.00000000000000000E+00 0.00000000000000000E+00 
 0.00000000000000000E+00 0.00000000000000000E+00 1.00000000000000000E+00 
 0.00000000000000000E+00 0.00000000000000000E+00 0.00000000000000000E+00 
       96 
    8   4.4609799900000002  2.5791496999999999  4.1215697200000001 
    8   2.2562177700000001  1.3076730900000000  0.4613226900000000 
    1   5.2722479000000000  2.1329483699999998  3.7825862899999998 
    1   1.4479932300000000  1.7442267600000001  0.1229246900000000 
    1   4.4861610599999997  3.4978968500000001  3.7834559500000000 
    1   2.2419379899999998  0.3816960600000000  0.1167784500000000 
    8   2.2223293599999998  1.2904536300000000  3.2128001600000000 
    8   4.4937641399999997  2.5995444399999998  6.8641697099999996 
    1   2.2389881200000001  1.2975346200000000  2.2220051299999999 
    1   4.4831776400000001  2.5843234499999999  5.8900496300000000 
    1   3.0342344200000002  1.7517027400000000  3.5087630100000000 
    1   3.6868270999999999  2.1235785300000001  7.1684939800000000 
    8   4.4641352799999998  2.5802200200000001 11.4459420999999999 
    8   2.2624007399999999  1.3089142700000000  7.7814240000000003 
    1   5.2744402199999998  2.1406198200000000 11.1074397600000001 
    1   1.4483123400000000  1.7461900400000001  7.4393783400000002 
    1   4.4801957699999999  3.5034385399999999 11.1025430299999996 
    1   2.2422271100000000  0.3741123200000000  7.4413124399999999 
    8   2.2247634700000001  1.2872045900000000 10.5299900199999996 
    8   4.5024980100000001  2.5914839299999999 14.1875130200000008 
    1   2.2375607300000002  1.2919529700000001  9.5488403099999992 
    1   4.4821838500000002  2.5884246599999998 13.2020879200000003 
    1   3.0291953700000001  1.7551640600000000 10.8240196599999994 
    1   3.6898920400000002  2.1309102900000001 14.4905080599999998 
    8   6.6991911399999999  6.4669138000000004  4.1295582599999996 
    8   4.4999837100000004  5.1849887199999998  0.4602247500000000 
    1   7.5081764900000003  6.0240002500000003  3.7838096999999999 
    1   3.6845020300000000  5.6329971199999997  0.1209911100000000 
    1   6.7179133200000001  7.3874798999999998  3.7827454399999998 
    1   4.4710149200000000  4.2604155099999996  0.1198192300000000 
    8   4.4560883400000000  5.1656323300000002  3.2146085800000002 
    8   6.7406206700000002  6.4819173499999998  6.8777894599999998 
    1   4.4764093500000000  5.1787764500000000  2.2263210400000002 
    1   6.7162421800000001  6.4718918800000003  5.8793368800000003 
    1   5.2695691000000000  5.6332257800000001  3.5114619000000000 
    1   5.9274853500000004  6.0195984800000000  7.1666563200000004 
    8   6.6966595900000003  6.4668372500000002 11.4350773100000005 
    8   4.4960107400000000  5.1838008400000000  7.7761761800000002 
    1   7.5089382000000002  6.0209241300000000 11.1012679399999996 
    1   3.6876529100000002  5.6279611999999997  7.4452208999999998 
    1   6.7268963700000004  7.3873580800000003 11.1048676900000007 
    1   4.4756526100000000  4.2633515500000003  7.4406241099999999 
    8   4.4560899999999997  5.1737204500000002 10.5241769400000003 
    8   6.7396654099999997  6.4821227800000001 14.1914973799999995 
    1   4.4760268200000004  5.1789605200000004  9.5459123699999999 
    1   6.7176137300000001  6.4778797700000004 13.2098696499999999 
    1   5.2787689699999998  5.6341237199999998 10.8259756800000009 
    1   5.9218916600000000  6.0136958600000003 14.4920243000000006 
    8   8.9462562099999996  2.5835238600000001  4.1211250899999996 
    8   6.7469193599999997  1.3098761699999999  0.4642096100000000 
    1   9.7579057500000008  2.1346756600000001  3.7890228700000002 
    1   5.9297569000000001  1.7481900200000000  0.1242179500000000 
    1   8.9650417900000008  3.5011863900000000  3.7831128500000002 
    1   6.7153082800000004  0.3894004300000000  0.1243872100000000 
    8   6.6980240300000000  1.2805542100000000  3.2114537400000001 
    8   8.9857789599999993  2.5964660400000001  6.8662784900000000 
    1   6.7258612099999997  1.2971358099999999  2.2235317999999999 
    1   8.9670474299999992  2.5917842499999999  5.8858426100000001 
    1   7.5193406200000004  1.7550129299999999  3.5044119100000000 
    1   8.1710283399999994  2.1298696499999998  7.1721907199999997 
    8   8.9429153100000001  2.5766857100000000 11.4415345399999993 
    8   6.7426779699999999  1.3083568000000001  7.7819417700000004 
    1   9.7598711599999994  2.1318170799999998 11.1024765900000002 
    1   5.9282152899999998  1.7495816799999999  7.4432459299999998 
    1   8.9635406700000004  3.4967859899999998 11.1049466399999996 
    1   6.7240874799999997  0.3839353700000000  7.4480542900000000 
    8   6.7043957100000000  1.2864771300000000 10.5301201700000000 
    8   8.9851921600000004  2.5975241900000001 14.1929391000000003 
    1   6.7229101199999999  1.2954290799999999  9.5445461300000005 
    1   8.9599082600000006  2.5895989099999999 13.2019348700000005 
    1   7.5189722999999997  1.7521726700000000 10.8316954400000007 
    1   8.1702958799999994  2.1323352099999999 14.4881779799999997 
    8  11.1896037199999991  6.4689032199999996  4.1242315300000003 
    8   8.9777361800000008  5.1892105199999996  0.4618140100000000 
    1  11.9928650300000008  6.0190484599999996  3.7800115000000001 
    1   8.1677055799999998  5.6319320299999998  0.1263532600000000 
    1  11.2060364600000000  7.3834711899999999  3.7818109999999998 
    1   8.9590467599999997  4.2556874899999997  0.1264060300000000 
    8   8.9383975400000004  5.1734551599999996  3.2091072899999999 
    8  11.2230157100000003  6.4876787000000000  6.8695793900000002 
    1   8.9583310600000008  5.1785048600000003  2.2233158000000000 
    1  11.2041080300000004  6.4694575700000003  5.8853010799999996 
    1   9.7501376799999999  5.6371890499999999  3.5106230400000000 
    1  10.4108865999999995  6.0163468900000003  7.1720918899999999 
    8  11.1777052999999995  6.4636157000000001 11.4366908499999997 
    8   8.9806214200000003  5.1872424800000001  7.7873156200000002 
    1  11.9993413499999999  6.0158921000000003 11.1046851600000007 
    1   8.1642474099999998  5.6298618500000002  7.4430279500000003 
    1  11.2061825200000005  7.3896266199999996 11.1041681699999994 
    1   8.9609966700000001  4.2740408600000004  7.4465438400000004 
    8   8.9375775700000002  5.1639907500000000 10.5277308600000001 
    8  11.2246638799999996  6.4841015000000004 14.1870150200000005 
    1   8.9588973299999992  5.1764748699999998  9.5472470900000008 
    1  11.2002107700000000  6.4748796899999999 13.2032789899999994 
    1   9.7520740400000001  5.6343068599999997 10.8317780700000004 
    1  10.4108827399999999  6.0197267700000001 14.4835344700000004 
