 3  1  1 E -0.0E+0 DE 0.0E+0( 1) 
 8.96536240000000006E+00 0.00000000000000000E+00 0.00000000000000000E+00 
 4.47614728695973607E+00 7.76800028506544038E+00 0.00000000000000000E+00 
 0.00000000000000000E+00 0.00000000000000000E+00 1.46387584600000000E+01 
  1 
 1.00000000000000000E+00 0.00000000000000000E+00 0.00000000000000000E+00 
 0.00000000000000000E+00 1.00000000000000000E+00 0.00000000000000000E+00 
 0.00000000000000000E+00 0.00000000000000000E+00 1.00000000000000000E+00 
 0.00000000000000000E+00 0.00000000000000000E+00 0.00000000000000000E+00 
       96 
    8   4.4636309900000004  2.5804026400000000  4.1188149699999999 
    8   2.2571660100000002  1.3037529400000001  0.4584015600000000 
    1   5.2664565600000000  2.1392703599999998  3.7915967899999998 
    1   1.4480571300000000  1.7492269700000000  0.1284208800000000 
    1   4.4793933900000003  3.5073812100000001  3.7864093599999999 
    1   2.2344379900000000  0.3839557500000000  0.1238719800000000 
    8   2.2144838600000001  1.2901801900000001  3.2054880300000002 
    8   4.4991719200000002  2.5965838699999999  6.8701138799999999 
    1   2.2457774200000000  1.2971662500000001  2.2277147899999998 
    1   4.4813024600000002  2.5876164699999999  5.8869455000000004 
    1   3.0343132399999999  1.7505813400000001  3.5112014500000002 
    1   3.6924130399999999  2.1348760800000002  7.1675968699999997 
    8   4.4592709499999996  2.5773811200000001 11.4393658499999997 
    8   2.2597980299999998  1.3057865200000001  7.7805362100000002 
    1   5.2690483300000004  2.1355778999999999 11.1053940400000002 
    1   1.4453740600000000  1.7464774300000001  7.4475586700000003 
    1   4.4841643600000003  3.5052883100000001 11.1048300399999995 
    1   2.2318797799999999  0.3834566300000000  7.4361451699999996 
    8   2.2250451500000001  1.2816307800000000 10.5269711899999994 
    8   4.4969552500000001  2.6017635800000001 14.1880004700000004 
    1   2.2424720200000001  1.2900991799999999  9.5449019300000000 
    1   4.4808398100000000  2.5890278400000000 13.2059860300000000 
    1   3.0301761100000002  1.7510829999999999 10.8320615599999996 
    1   3.6856225500000002  2.1318212700000001 14.4875585900000008 
    8   6.7041958800000003  6.4663179199999998  4.1180443300000000 
    8   4.4975330900000001  5.1895390800000003  0.4595256000000000 
    1   7.5157120600000002  6.0181450200000004  3.7853758000000002 
    1   3.6843907599999999  5.6367486099999997  0.1301446000000000 
    1   6.7242889400000001  7.3846760299999996  3.7880898599999999 
    1   4.4790808899999996  4.2584131400000000  0.1273307900000000 
    8   4.4519141800000002  5.1655628599999996  3.2106139900000001 
    8   6.7367195500000001  6.4816776699999998  6.8707255399999996 
    1   4.4830367200000003  5.1824173699999996  2.2267630899999999 
    1   6.7227440400000003  6.4718992499999999  5.8795972699999997 
    1   5.2694046900000000  5.6308361299999996  3.5046388199999998 
    1   5.9274741200000003  6.0160359100000003  7.1711778199999996 
    8   6.7045475300000001  6.4614942900000001 11.4407181799999993 
    8   4.4944084100000001  5.1850373400000001  7.7838990600000004 
    1   7.5158627700000000  6.0241984899999999 11.1087451000000001 
    1   3.6872731299999999  5.6291598699999996  7.4384158800000000 
    1   6.7194944200000002  7.3880607800000000 11.0987170299999995 
    1   4.4836783899999997  4.2695396700000003  7.4450070300000002 
    8   4.4587898299999997  5.1665530200000003 10.5315694600000000 
    8   6.7382316800000002  6.4855606200000002 14.1864506000000006 
    1   4.4746763300000003  5.1791573900000003  9.5472235600000008 
    1   6.7219230500000000  6.4697403600000003 13.2053049300000005 
    1   5.2674906799999999  5.6377994100000004 10.8352568900000001 
    1   5.9274675700000001  6.0106400200000003 14.4861988200000003 
    8   8.9420510100000001  2.5754839600000001  4.1187636699999999 
    8   6.7382625599999999  1.3089710699999999  0.4649007300000000 
    1   9.7589415200000005  2.1413559200000001  3.7803150300000001 
    1   5.9302015900000002  1.7508940799999999  0.1224725500000000 
    1   8.9656854999999993  3.5041449600000001  3.7769556299999998 
    1   6.7203831899999997  0.3822501600000000  0.1198892800000000 
    8   6.6998735099999998  1.2851690499999999  3.2076973000000000 
    8   8.9852632700000008  2.5992050700000000  6.8692216899999998 
    1   6.7282501200000002  1.2992230400000000  2.2259050299999998 
    1   8.9601072899999998  2.5948150800000001  5.8837014999999999 
    1   7.5170508600000003  1.7557775099999999  3.5074654999999999 
    1   8.1728783499999995  2.1327706200000001  7.1706138199999998 
    8   8.9421863399999992  2.5760670000000001 11.4400652300000001 
    8   6.7373008399999996  1.2990395500000000  7.7757302399999997 
    1   9.7527127700000005  2.1402358800000001 11.1033386499999995 
    1   5.9261004399999999  1.7416071600000000  7.4417356400000001 
    1   8.9684778999999999  3.4987377600000000 11.1038235800000002 
    1   6.7195187100000000  0.3767066400000000  7.4413649099999999 
    8   6.7027396100000001  1.2832787800000001 10.5293993700000001 
    8   8.9811582699999999  2.5988633499999998 14.1899055700000005 
    1   6.7225722000000001  1.2943987299999999  9.5487647100000004 
    1   8.9605846200000006  2.5881127099999999 13.2055046800000007 
    1   7.5173510800000001  1.7505151000000001 10.8295799699999993 
    1   8.1679348399999991  2.1350180299999999 14.4913525700000001 
    8  11.1852430599999995  6.4623419400000000  4.1228809699999998 
    8   8.9820000699999998  5.1877442800000004  0.4529816700000000 
    1  11.9927386400000007  6.0203965899999998  3.7798783100000000 
    1   8.1685975899999992  5.6310692800000002  0.1230426900000000 
    1  11.2009514600000006  7.3835415600000003  3.7833283299999998 
    1   8.9598731500000000  4.2649327299999999  0.1246406200000000 
    8   8.9453024899999996  5.1676766199999999  3.2120424999999999 
    8  11.2199922900000004  6.4816700400000000  6.8681197599999999 
    1   8.9580323699999997  5.1795323199999999  2.2239215500000000 
    1  11.2017780699999996  6.4760170700000002  5.8882028799999997 
    1   9.7534108899999996  5.6341320200000000  3.5117962999999999 
    1  10.4068090400000006  6.0174230000000000  7.1636113300000002 
    8  11.1830253800000001  6.4627313099999997 11.4406674299999995 
    8   8.9822843599999995  5.1872231700000002  7.7852353799999996 
    1  11.9961093800000000  6.0154447299999996 11.1030118899999994 
    1   8.1728795000000005  5.6320088600000000  7.4413497099999999 
    1  11.2020300000000006  7.3855052600000004 11.1044114000000000 
    1   8.9531752299999994  4.2623200800000003  7.4388538000000004 
    8   8.9408455900000003  5.1681059600000001 10.5322895499999998 
    8  11.2206808400000000  6.4877806600000003 14.1875858800000003 
    1   8.9558003599999996  5.1832625700000001  9.5463257400000003 
    1  11.2007163900000002  6.4638034199999996 13.2027965199999997 
    1   9.7544431300000003  5.6404139899999999 10.8312266000000008 
    1  10.4086066000000006  6.0144360199999998 14.4866931900000004 
