 3  1  1 E -0.0E+0 DE 0.0E+0( 1) 
 8.96536240000000006E+00 0.00000000000000000E+00 0.00000000000000000E+00 
 4.47614728695973607E+00 7.76800028506544038E+00 0.00000000000000000E+00 
 0.00000000000000000E+00 0.00000000000000000E+00 1.46387584600000000E+01 
  1 
 1.00000000000000000E+00 0.00000000000000000E+00 0.00000000000000000E+00 
 0.00000000000000000E+00 1.00000000000000000E+00 0.00000000000000000E+00 
 0.00000000000000000E+00 0.00000000000000000E+00 1.00000000000000000E+00 
 0.00000000000000000E+00 0.00000000000000000E+00 0.00000000000000000E+00 
       96 
    8   4.4599987299999997  2.5770498800000001  4.1155265200000004 
    8   2.2549283899999999  1.3022207299999999  0.4584479500000000 
    1   5.2776398799999997  2.1392170600000000  3.7890340899999999 
    1   1.4495735300000001  1.7487579600000001  0.1196869300000000 
    1   4.4773311700000002  3.4989365800000001  3.7856222900000001 
    1   2.2399290600000001  0.3832608200000000  0.1203873200000000 
    8   2.2198915399999999  1.2816906600000000  3.2095615899999999 
    8   4.5011575600000002  2.6040272299999998  6.8715883900000003 
    1   2.2459575400000000  1.2934603200000001  2.2247835100000000 
    1   4.4813622500000001  2.5974230199999999  5.8923548800000001 
    1   3.0298044800000001  1.7508941400000000  3.5076076899999999 
    1   3.6864522399999999  2.1315969699999999  7.1704640900000003 
    8   4.4644770899999999  2.5738541900000000 11.4408900300000003 
    8   2.2673359600000000  1.3085954600000000  7.7838301999999997 
    1   5.2746666299999996  2.1344748700000000 11.1025706199999998 
    1   1.4524870299999999  1.7438161500000000  7.4450906899999998 
    1   4.4845723199999998  3.5036963800000001 11.1029873699999992 
    1   2.2396576399999999  0.3772992700000000  7.4421699600000002 
    8   2.2229041500000002  1.2784685400000000 10.5292711899999993 
    8   4.4987753799999997  2.6007946000000000 14.1855909199999992 
    1   2.2402111300000001  1.2973485300000001  9.5496080899999995 
    1   4.4783769700000002  2.5956907800000000 13.2057714900000001 
    1   3.0348640900000001  1.7526949000000001 10.8311527000000005 
    1   3.6859262300000002  2.1297934800000000 14.4908645499999995 
    8   6.7021821700000004  6.4592671199999998  4.1223966799999996 
    8   4.4975379300000000  5.1872800000000003  0.4625877800000000 
    1   7.5130069099999996  6.0229692799999999  3.7904755899999998 
    1   3.6873740300000000  5.6347498099999997  0.1259766400000000 
    1   6.7274091800000004  7.3867106600000003  3.7859216999999998 
    1   4.4736324700000001  4.2616866900000003  0.1253763700000000 
    8   4.4632199200000002  5.1692543999999998  3.2092037599999998 
    8   6.7365442199999999  6.4846906999999998  6.8728262800000000 
    1   4.4774903699999999  5.1791162399999999  2.2291605500000000 
    1   6.7190116000000000  6.4736437200000001  5.8911802000000000 
    1   5.2762725399999999  5.6321118500000003  3.5174275000000002 
    1   5.9258015400000001  6.0172263800000003  7.1775694100000003 
    8   6.6993974300000003  6.4628188099999999 11.4443771999999999 
    8   4.4966286200000001  5.1844942999999999  7.7817381799999996 
    1   7.5031286499999998  6.0161065899999997 11.1045118200000008 
    1   3.6815720500000002  5.6349393299999999  7.4452852099999998 
    1   6.7175997100000000  7.3867146300000002 11.1032308799999999 
    1   4.4782678999999996  4.2625834600000001  7.4384429100000000 
    8   4.4569978199999998  5.1665492000000004 10.5318716200000004 
    8   6.7400647999999999  6.4881681699999998 14.1934387100000006 
    1   4.4788329999999998  5.1817312099999997  9.5381418300000007 
    1   6.7200289499999997  6.4744848900000003 13.2058190900000003 
    1   5.2733163699999999  5.6370559800000004 10.8289688700000006 
    1   5.9241295200000001  6.0167403799999999 14.4916440200000007 
    8   8.9428992600000008  2.5795435499999999  4.1213993100000001 
    8   6.7412575199999996  1.3017755600000001  0.4624190200000000 
    1   9.7542526100000000  2.1338488799999999  3.7845806099999999 
    1   5.9277346399999997  1.7535245500000001  0.1255540800000000 
    1   8.9652498600000001  3.5004413699999999  3.7806357500000001 
    1   6.7167863199999998  0.3812757400000000  0.1197230400000000 
    8   6.7015738300000001  1.2886825700000000  3.2104416400000000 
    8   8.9846471799999996  2.6006402099999999  6.8634526200000003 
    1   6.7236945400000003  1.2943968699999999  2.2222797900000000 
    1   8.9598305499999995  2.5888056900000000  5.8834417200000004 
    1   7.5140056399999997  1.7466472600000000  3.5090852799999999 
    1   8.1727684600000003  2.1399728100000002  7.1645611200000001 
    8   8.9414206000000007  2.5793556400000002 11.4378740000000008 
    8   6.7476366299999997  1.3026492400000000  7.7782318999999998 
    1   9.7564046999999992  2.1425192599999998 11.1067123300000006 
    1   5.9319824299999997  1.7462342000000000  7.4382257799999998 
    1   8.9635624800000002  3.4970670199999998 11.1003804099999996 
    1   6.7160009299999999  0.3815325700000000  7.4436748899999996 
    8   6.7057003399999999  1.2797879000000001 10.5294244500000005 
    8   8.9866811000000002  2.6008817999999998 14.1924607599999995 
    1   6.7214170099999997  1.2903955499999999  9.5422398200000007 
    1   8.9637746600000003  2.5914872600000001 13.2013371700000004 
    1   7.5117603300000004  1.7587825800000001 10.8285801300000006 
    1   8.1700011499999992  2.1340005099999999 14.4858118200000003 
    8  11.1815175500000006  6.4584771500000002  4.1205579500000002 
    8   8.9814951900000004  5.1897602500000000  0.4654404100000000 
    1  11.9990678099999997  6.0255687900000003  3.7837493900000001 
    1   8.1671131999999993  5.6302185700000003  0.1226363000000000 
    1  11.2093691999999994  7.3879743800000002  3.7877207799999999 
    1   8.9621106200000007  4.2622693199999997  0.1293380800000000 
    8   8.9431220899999992  5.1703002800000002  3.2096397400000001 
    8  11.2199537100000004  6.4854373199999999  6.8699575700000004 
    1   8.9639903499999996  5.1805803099999999  2.2286284400000000 
    1  11.1987350899999996  6.4737667500000002  5.8851100599999997 
    1   9.7535045399999998  5.6364879600000002  3.5063618999999999 
    1  10.4096024899999993  6.0135352199999996  7.1731687300000004 
    8  11.1844925699999997  6.4691886800000002 11.4379848899999992 
    8   8.9790660100000004  5.1891001000000001  7.7834401499999997 
    1  11.9913690800000001  6.0172610500000001 11.1094206500000006 
    1   8.1611370399999998  5.6344013600000000  7.4388487000000003 
    1  11.2019296199999996  7.3882222000000004 11.1047340699999992 
    1   8.9633754099999994  4.2642991200000004  7.4413459700000004 
    8   8.9410765699999999  5.1727024600000000 10.5246283199999997 
    8  11.2224866399999996  6.4917800100000003 14.1861913699999995 
    1   8.9512721400000004  5.1786419199999996  9.5417713200000005 
    1  11.2021670499999999  6.4754188600000004 13.2050375899999999 
    1   9.7506759800000005  5.6327027400000000 10.8270952999999999 
    1  10.4070482599999998  6.0166794200000000 14.4897900199999992 
