 3  1  1 E -0.0E+0 DE 0.0E+0( 1) 
 8.96536240000000006E+00 0.00000000000000000E+00 0.00000000000000000E+00 
 4.47614728695973607E+00 7.76800028506544038E+00 0.00000000000000000E+00 
 0.00000000000000000E+00 0.00000000000000000E+00 1.46387584600000000E+01 
  1 
 1.00000000000000000E+00 0.00000000000000000E+00 0.00000000000000000E+00 
 0.00000000000000000E+00 1.00000000000000000E+00 0.00000000000000000E+00 
 0.00000000000000000E+00 0.00000000000000000E+00 1.00000000000000000E+00 
 0.00000000000000000E+00 0.00000000000000000E+00 0.00000000000000000E+00 
       96 
    8   4.4584623399999996  2.5787847899999998  4.1234247899999996 
    8   2.2568774700000001  1.3045898499999999  0.4644020100000000 
    1   5.2728531199999997  2.1430512300000002  3.7794466400000002 
    1   1.4490866099999999  1.7450269000000000  0.1258490500000000 
    1   4.4816783400000002  3.5028026200000002  3.7825557600000002 
    1   2.2404955300000000  0.3835930200000000  0.1247071900000000 
    8   2.2211875800000001  1.2815316100000000  3.2116627200000001 
    8   4.4957321600000002  2.6025787399999998  6.8657193500000000 
    1   2.2365066699999998  1.2960334099999999  2.2214089299999999 
    1   4.4834461000000001  2.5901462799999999  5.8886341099999999 
    1   3.0318455200000001  1.7482113800000001  3.5144076700000002 
    1   3.6861128500000002  2.1332693300000001  7.1665713200000001 
    8   4.4582406299999997  2.5806878800000002 11.4471603000000002 
    8   2.2565088700000002  1.3097626899999999  7.7787044400000003 
    1   5.2717686900000000  2.1353843200000000 11.1016714800000003 
    1   1.4457869100000000  1.7524222400000000  7.4435387300000002 
    1   4.4825995599999997  3.4988818400000001 11.1055281099999998 
    1   2.2417445200000001  0.3805982200000000  7.4508569900000001 
    8   2.2290826600000000  1.2815626000000000 10.5380381799999991 
    8   4.4993860300000001  2.6030878799999999 14.1926165999999991 
    1   2.2400695300000000  1.2973438399999999  9.5468004600000000 
    1   4.4846088899999996  2.5915704200000000 13.2010973699999994 
    1   3.0281884200000002  1.7574852500000000 10.8294219900000002 
    1   3.6900572100000000  2.1309626700000002 14.4968032200000003 
    8   6.7056302900000002  6.4675016400000001  4.1206374700000001 
    8   4.4919944300000001  5.1868894799999996  0.4650118600000000 
    1   7.5135503400000001  6.0223342000000004  3.7872319999999999 
    1   3.6886030999999999  5.6331337899999996  0.1230359800000000 
    1   6.7172041499999997  7.3835783399999997  3.7876638300000001 
    1   4.4769652300000002  4.2586285000000004  0.1210270500000000 
    8   4.4636861699999999  5.1670021100000003  3.2093716500000000 
    8   6.7386113800000000  6.4833717100000001  6.8640740200000003 
    1   4.4794407300000003  5.1805008800000003  2.2291306299999998 
    1   6.7164013899999997  6.4738246899999998  5.8921503399999997 
    1   5.2747012499999997  5.6383276000000002  3.5116626900000001 
    1   5.9237083400000001  6.0146367999999999  7.1668816000000000 
    8   6.6989501100000002  6.4648327099999996 11.4402644799999997 
    8   4.4943254899999996  5.1834336499999996  7.7812716999999996 
    1   7.5107564399999998  6.0232356800000000 11.1023217299999999 
    1   3.6874603700000002  5.6355492800000002  7.4409261700000000 
    1   6.7211654699999999  7.3847611600000000 11.0976947700000004 
    1   4.4716710300000004  4.2673681500000002  7.4457720099999998 
    8   4.4575817899999999  5.1650174800000004 10.5331857400000004 
    8   6.7433537499999998  6.4841325500000000 14.1903200599999995 
    1   4.4753378899999996  5.1763221899999996  9.5455127300000004 
    1   6.7143502200000000  6.4782724500000004 13.2024658499999994 
    1   5.2686662699999998  5.6346213299999999 10.8312439099999995 
    1   5.9264045200000002  6.0126949200000004 14.4889888199999994 
    8   8.9460837800000004  2.5753148299999999  4.1245025499999999 
    8   6.7433402300000003  1.3071287100000000  0.4627051200000000 
    1   9.7599343899999997  2.1341914200000001  3.7775117599999999 
    1   5.9296438399999998  1.7458541800000000  0.1243960000000000 
    1   8.9688594599999991  3.5075661700000000  3.7851353099999998 
    1   6.7151686200000000  0.3825136600000000  0.1259667900000000 
    8   6.7030682800000001  1.2782851700000000  3.2065978199999998 
    8   8.9825262000000006  2.6000646299999999  6.8724678700000004 
    1   6.7222766199999997  1.2910610600000001  2.2281536000000002 
    1   8.9594983100000007  2.5893625899999999  5.8897816000000001 
    1   7.5106705900000001  1.7553764199999999  3.5071683500000002 
    1   8.1776092299999998  2.1296395200000000  7.1737346000000004 
    8   8.9471114600000003  2.5788417799999999 11.4379623499999994 
    8   6.7362799899999999  1.3041737799999999  7.7807246200000000 
    1   9.7552668400000009  2.1345325499999999 11.0993483099999999 
    1   5.9332799500000002  1.7501270799999999  7.4435526300000001 
    1   8.9651971899999996  3.5022984699999999 11.1031540300000007 
    1   6.7176120199999998  0.3781310600000000  7.4372187399999996 
    8   6.7038321700000001  1.2860002900000000 10.5318486199999999 
    8   8.9815017200000007  2.6011796299999999 14.1922090200000000 
    1   6.7211182100000002  1.2936531300000000  9.5433091700000006 
    1   8.9643003599999993  2.5807387400000001 13.1984525399999999 
    1   7.5178170800000004  1.7527300600000000 10.8298573200000003 
    1   8.1738707200000000  2.1321915300000001 14.4916655999999993 
    8  11.1766920200000008  6.4632856399999996  4.1164406199999997 
    8   8.9759277199999996  5.1879779600000004  0.4612076900000000 
    1  11.9920193800000003  6.0253104700000000  3.7806251700000000 
    1   8.1674213499999997  5.6307663799999998  0.1259818700000000 
    1  11.2106837800000001  7.3847842200000002  3.7873825999999999 
    1   8.9577005300000003  4.2628453400000001  0.1268544000000000 
    8   8.9414911499999992  5.1646395900000002  3.2118438199999999 
    8  11.2166294000000004  6.4864494099999996  6.8702307400000002 
    1   8.9617704699999994  5.1712321899999996  2.2298670199999999 
    1  11.2043274999999998  6.4715243899999999  5.8835598500000001 
    1   9.7527171799999994  5.6337210300000002  3.5087009299999998 
    1  10.4050939899999992  6.0161981500000001  7.1741642900000002 
    8  11.1822615800000005  6.4618227700000004 11.4443199199999999 
    8   8.9780840899999994  5.1874981699999996  7.7848080499999996 
    1  11.9863211399999994  6.0243777400000003 11.1052748399999999 
    1   8.1699919899999998  5.6340471599999997  7.4410498499999997 
    1  11.2076183500000006  7.3888391999999996 11.1044322799999993 
    1   8.9548792200000005  4.2618635500000002  7.4401694500000000 
    8   8.9441272499999993  5.1676469899999997 10.5292859900000000 
    8  11.2241658500000003  6.4817419000000003 14.1951508000000004 
    1   8.9595080500000002  5.1781001199999999  9.5457087299999994 
    1  11.2024482699999997  6.4788474100000002 13.2058977700000000 
    1   9.7570854800000006  5.6418933600000001 10.8260260800000001 
    1  10.4049057299999994  6.0154988100000004 14.4870149000000001 
