 3  1  1 E -0.0E+0 DE 0.0E+0( 1) 
 8.96536240000000006E+00 0.00000000000000000E+00 0.00000000000000000E+00 
 4.47614728695973607E+00 7.76800028506544038E+00 0.00000000000000000E+00 
 0.00000000000000000E+00 0.00000000000000000E+00 1.46387584600000000E+01 
  1 
 1.00000000000000000E+00 0.00000000000000000E+00 0.00000000000000000E+00 
 0.00000000000000000E+00 1.00000000000000000E+00 0.00000000000000000E+00 
 0.00000000000000000E+00 0.00000000000000000E+00 1.00000000000000000E+00 
 0.00000000000000000E+00 0.00000000000000000E+00 0.00000000000000000E+00 
       96 
    8   4.4647968899999997  2.5839006599999998  4.1255785899999999 
    8   2.2644987500000000  1.3090304600000000  0.4673909300000000 
    1   5.2747056199999998  2.1366456399999998  3.7843769300000001 
    1   1.4506120199999999  1.7443719099999999  0.1178737800000000 
    1   4.4852084300000001  3.5003038300000000  3.7814113900000002 
    1   2.2396840899999999  0.3838442900000000  0.1233051700000000 
    8   2.2241722899999998  1.2865316700000000  3.2091570900000002 
    8   4.4946663600000001  2.5973562100000001  6.8713519700000001 
    1   2.2426280500000000  1.2955100100000001  2.2207217400000001 
    1   4.4821378300000001  2.5885431600000000  5.8863068900000002 
    1   3.0331152399999999  1.7562551300000000  3.5134215700000002 
    1   3.6825473299999998  2.1295873099999998  7.1705408500000001 
    8   4.4644308500000003  2.5793572999999999 11.4373795400000002 
    8   2.2643330200000000  1.3122390399999999  7.7892341299999996 
    1   5.2709637300000001  2.1325898699999999 11.1017088000000008 
    1   1.4556903500000000  1.7517355600000000  7.4449264199999998 
    1   4.4839957799999999  3.5078429500000001 11.1083233000000003 
    1   2.2339213899999999  0.3776859700000000  7.4398793699999999 
    8   2.2199811100000000  1.2907597900000001 10.5359558000000000 
    8   4.5074133200000004  2.6053985800000001 14.1878442299999996 
    1   2.2386812200000001  1.2946630800000001  9.5435862199999999 
    1   4.4821764899999996  2.5913097700000001 13.2044614300000003 
    1   3.0301437600000001  1.7568359000000000 10.8318676000000007 
    1   3.6868131200000001  2.1289973799999999 14.4877295299999993 
    8   6.7018267299999996  6.4665543300000001  4.1220168900000003 
    8   4.4960224300000000  5.1895791899999999  0.4570361100000000 
    1   7.5067145999999996  6.0185524299999997  3.7830567600000000 
    1   3.6854413400000001  5.6313484000000003  0.1234647000000000 
    1   6.7180395700000002  7.3876502799999999  3.7862161699999999 
    1   4.4733691799999997  4.2711158999999999  0.1248836100000000 
    8   4.4623230200000004  5.1666337400000000  3.2120308500000001 
    8   6.7379112799999996  6.4869024299999998  6.8692410500000003 
    1   4.4769230899999997  5.1735511900000004  2.2223862699999999 
    1   6.7126865599999999  6.4693735200000004  5.8857803200000003 
    1   5.2670504200000003  5.6345695400000002  3.5127825000000001 
    1   5.9279147700000001  6.0167229500000001  7.1666387699999996 
    8   6.6972927699999998  6.4658118900000003 11.4467885599999999 
    8   4.4959275999999999  5.1927367400000000  7.7849298500000002 
    1   7.5110789799999997  6.0171472100000001 11.1082650199999993 
    1   3.6881651299999998  5.6323384100000000  7.4430494500000002 
    1   6.7199196900000002  7.3861543500000000 11.1054797300000008 
    1   4.4746408400000002  4.2646132899999998  7.4433237200000004 
    8   4.4556128199999998  5.1705659400000004 10.5339520100000001 
    8   6.7315679099999999  6.4849086900000001 14.1881231000000003 
    1   4.4751271600000004  5.1820046700000004  9.5441720399999994 
    1   6.7213532100000002  6.4689465300000002 13.2016645900000000 
    1   5.2739011299999996  5.6343506300000001 10.8313604500000000 
    1   5.9293048199999996  6.0168376500000003 14.4923326200000009 
    8   8.9441814900000001  2.5811017299999999  4.1200697100000001 
    8   6.7375545199999998  1.3058894999999999  0.4615948500000000 
    1   9.7528130300000004  2.1375571400000002  3.7819583799999998 
    1   5.9292521200000001  1.7452840900000000  0.1162853900000000 
    1   8.9653850700000000  3.5038421799999999  3.7850903200000001 
    1   6.7236026799999999  0.3786007400000000  0.1255751100000000 
    8   6.7028192600000001  1.2847470999999999  3.2051824299999998 
    8   8.9819577899999992  2.6049772800000000  6.8707507000000003 
    1   6.7263931499999998  1.2982989700000001  2.2236690000000001 
    1   8.9609878300000005  2.5937129500000000  5.8865516299999996 
    1   7.5150781599999998  1.7558424100000001  3.5152787999999999 
    1   8.1692006999999993  2.1340213200000000  7.1718393899999997 
    8   8.9469233300000006  2.5766335499999999 11.4417506600000003 
    8   6.7385065900000001  1.3080742200000000  7.7861907600000002 
    1   9.7585444700000004  2.1362240199999998 11.1040472799999996 
    1   5.9295347500000002  1.7406399400000001  7.4355833000000002 
    1   8.9688089200000007  3.5050395700000001 11.1075145800000001 
    1   6.7149798699999996  0.3836830200000000  7.4493130699999996 
    8   6.7085136900000002  1.2894443300000000 10.5309205000000006 
    8   8.9754513599999992  2.5996619800000000 14.1900402099999994 
    1   6.7215077799999996  1.2947449200000001  9.5406483000000009 
    1   8.9703539600000006  2.5885515799999999 13.2045411200000000 
    1   7.5182605300000001  1.7522237199999999 10.8328798800000001 
    1   8.1683783200000004  2.1346678400000001 14.4906753399999992 
    8  11.1815320699999994  6.4674805700000002  4.1232003300000004 
    8   8.9789970700000001  5.1878323100000001  0.4574902300000000 
    1  11.9968711100000007  6.0199864700000001  3.7843040000000001 
    1   8.1690272999999998  5.6292700599999996  0.1264826700000000 
    1  11.2008163599999992  7.3849596000000002  3.7822460800000002 
    1   8.9598140300000004  4.2611780200000000  0.1287759200000000 
    8   8.9413007899999997  5.1685638799999998  3.2106579100000001 
    8  11.2206674199999998  6.4848996200000002  6.8710156800000002 
    1   8.9605827700000003  5.1798182800000001  2.2247455299999999 
    1  11.1965255300000006  6.4725704200000003  5.8834452900000000 
    1   9.7508507000000009  5.6364143400000000  3.5075610300000002 
    1  10.4105827400000006  6.0202906699999996  7.1696373400000004 
    8  11.1817449599999996  6.4640316200000001 11.4431605399999992 
    8   8.9791688700000005  5.1902777400000000  7.7819349899999999 
    1  11.9974767300000007  6.0216394800000002 11.1019139500000001 
    1   8.1718800399999996  5.6336274499999996  7.4426282600000002 
    1  11.2050072800000002  7.3847493499999999 11.1016115299999996 
    1   8.9524027799999999  4.2650529199999996  7.4391367600000002 
    8   8.9411957399999995  5.1699045100000003 10.5306444399999997 
    8  11.2277610600000006  6.4853948600000004 14.1859041999999995 
    1   8.9606060599999999  5.1805021399999998  9.5483624400000000 
    1  11.2031571200000002  6.4713398700000004 13.2085797700000001 
    1   9.7507033599999993  5.6349852599999997 10.8298106900000004 
    1  10.4071076599999994  6.0086514400000004 14.4853607699999998 
