 3  1  1 E -0.0E+0 DE 0.0E+0( 1) 
 8.96536240000000006E+00 0.00000000000000000E+00 0.00000000000000000E+00 
 4.47614728695973607E+00 7.76800028506544038E+00 0.00000000000000000E+00 
 0.00000000000000000E+00 0.00000000000000000E+00 1.46387584600000000E+01 
  1 
 1.00000000000000000E+00 0.00000000000000000E+00 0.00000000000000000E+00 
 0.00000000000000000E+00 1.00000000000000000E+00 0.00000000000000000E+00 
 0.00000000000000000E+00 0.00000000000000000E+00 1.00000000000000000E+00 
 0.00000000000000000E+00 0.00000000000000000E+00 0.00000000000000000E+00 
       96 
    8   4.4590199200000002  2.5812826300000000  4.1244029299999996 
    8   2.2517839999999998  1.3073457200000000  0.4611029800000000 
    1   5.2740966599999997  2.1375869800000000  3.7912235500000002 
    1   1.4472092200000000  1.7494588300000000  0.1199079900000000 
    1   4.4767659699999998  3.5067169400000000  3.7898455900000001 
    1   2.2348773500000001  0.3835951900000000  0.1288055600000000 
    8   2.2248162400000000  1.2878659600000000  3.2058734200000001 
    8   4.4987516899999997  2.5997091600000002  6.8725755299999998 
    1   2.2360671399999998  1.2954867699999999  2.2251189400000002 
    1   4.4874056199999997  2.5859841600000002  5.8889269100000003 
    1   3.0357024400000001  1.7502675000000001  3.5159982900000002 
    1   3.6905214399999999  2.1310390799999999  7.1690386600000000 
    8   4.4546762099999997  2.5788395899999998 11.4424207899999999 
    8   2.2594045700000001  1.3029399800000001  7.7823571800000000 
    1   5.2685028699999998  2.1325467800000002 11.1033965000000006 
    1   1.4463666600000000  1.7453859400000000  7.4417303099999996 
    1   4.4801111799999997  3.4984610300000001 11.1029793800000007 
    1   2.2414967899999998  0.3808878600000000  7.4449215300000002 
    8   2.2239915699999999  1.2822062400000001 10.5266480500000004 
    8   4.4987382299999998  2.5981443199999998 14.1926872300000007 
    1   2.2344906099999999  1.2940544100000000  9.5471872700000002 
    1   4.4871190600000004  2.5885963599999999 13.2021726099999999 
    1   3.0321875800000000  1.7485361200000000 10.8339967099999992 
    1   3.6903208699999999  2.1319574100000001 14.4868543600000006 
    8   6.7005090899999997  6.4603951999999998  4.1240680200000002 
    8   4.4978141500000000  5.1895403000000000  0.4594462200000000 
    1   7.5153008999999997  6.0178414099999999  3.7802844400000000 
    1   3.6811327500000002  5.6281129500000002  0.1276656300000000 
    1   6.7213364000000002  7.3826698100000003  3.7886200900000002 
    1   4.4787618499999997  4.2634885100000002  0.1241978200000000 
    8   4.4571867799999998  5.1687478799999997  3.2103599400000000 
    8   6.7400484000000001  6.4850760999999997  6.8684711900000002 
    1   4.4804219300000003  5.1770996900000004  2.2220872800000002 
    1   6.7161978199999997  6.4702742799999999  5.8839191299999998 
    1   5.2664050400000004  5.6387876199999996  3.5137884000000001 
    1   5.9283508400000002  6.0136313000000001  7.1721161200000001 
    8   6.7024527300000001  6.4634254899999997 11.4469322499999997 
    8   4.5017181700000002  5.1869876499999998  7.7762182299999996 
    1   7.5134315100000002  6.0144500900000004 11.1046052900000003 
    1   3.6771462800000001  5.6354793100000000  7.4464831499999997 
    1   6.7228299199999997  7.3868981099999997 11.0978260100000004 
    1   4.4710437199999999  4.2662828599999996  7.4446368900000000 
    8   4.4593449800000000  5.1687404299999997 10.5236581999999999 
    8   6.7365175300000004  6.4882147899999998 14.1887296400000000 
    1   4.4747826200000000  5.1832210200000004  9.5456217500000005 
    1   6.7140654800000004  6.4684727500000001 13.2095923800000001 
    1   5.2752856000000001  5.6369663599999997 10.8312848000000006 
    1   5.9246112200000001  6.0120207600000004 14.4897823599999995 
    8   8.9457199000000003  2.5824019800000002  4.1219471199999997 
    8   6.7431853999999998  1.3055451400000000  0.4573588900000000 
    1   9.7551568399999997  2.1356636600000001  3.7846334100000001 
    1   5.9302415000000002  1.7424797999999999  0.1212816300000000 
    1   8.9656004199999995  3.4987513899999998  3.7798669500000002 
    1   6.7191527600000001  0.3783788000000000  0.1235551400000000 
    8   6.7013313700000001  1.2859310500000001  3.2152315499999999 
    8   8.9826565499999997  2.5979316899999998  6.8666010300000000 
    1   6.7238409399999997  1.2952767000000001  2.2227303799999998 
    1   8.9614864000000001  2.5825722400000002  5.8883759099999997 
    1   7.5204656600000002  1.7540728500000000  3.5156449699999999 
    1   8.1680770999999996  2.1349724800000001  7.1707004500000000 
    8   8.9426274899999996  2.5779021599999998 11.4394559099999995 
    8   6.7432696700000001  1.3031127300000001  7.7883797899999996 
    1   9.7601638299999998  2.1376783000000001 11.1049755999999995 
    1   5.9278506799999997  1.7468367899999999  7.4441788999999998 
    1   8.9730311300000007  3.5009600999999999 11.0992317000000007 
    1   6.7198967100000004  0.3841931800000000  7.4394396900000004 
    8   6.6982923400000001  1.2848087300000000 10.5363299300000008 
    8   8.9791072300000003  2.6007224600000001 14.1932299099999994 
    1   6.7218295599999998  1.2921537000000001  9.5415019599999997 
    1   8.9655541000000003  2.5945138600000002 13.2075463200000005 
    1   7.5199963099999998  1.7535635899999999 10.8319025599999996 
    1   8.1704433699999992  2.1312601700000000 14.4905214299999994 
    8  11.1834971799999998  6.4625821999999999  4.1245426700000003 
    8   8.9770382000000009  5.1882130399999999  0.4616776600000000 
    1  11.9855501600000007  6.0274891000000004  3.7843580499999998 
    1   8.1674004599999996  5.6299339300000000  0.1291490000000000 
    1  11.2040745000000008  7.3887264400000001  3.7880577199999999 
    1   8.9621373999999996  4.2633852100000000  0.1290601500000000 
    8   8.9430790800000004  5.1670069900000000  3.2071803200000000 
    8  11.2203786300000008  6.4867362899999996  6.8691348899999998 
    1   8.9595610299999997  5.1840906400000000  2.2266304699999999 
    1  11.1989118899999998  6.4682299700000003  5.8844168200000002 
    1   9.7542997299999996  5.6356479600000000  3.5104353300000000 
    1  10.4061880799999997  6.0206244199999999  7.1692938899999996 
    8  11.1817509099999999  6.4601832100000003 11.4402782799999994 
    8   8.9788151400000000  5.1880017399999998  7.7864816000000001 
    1  11.9913989000000001  6.0202330200000000 11.1060861499999994 
    1   8.1635768500000001  5.6336691099999996  7.4426290399999999 
    1  11.2031376399999996  7.3864885800000000 11.1028358600000008 
    1   8.9602306699999996  4.2699070900000002  7.4402639800000001 
    8   8.9391310399999995  5.1622851799999996 10.5281024300000006 
    8  11.2204981999999998  6.4846831099999998 14.1922742300000007 
    1   8.9594378100000007  5.1787308200000002  9.5417491099999996 
    1  11.1968988300000003  6.4763825900000001 13.2037037599999998 
    1   9.7507207200000003  5.6323986599999998 10.8295608699999999 
    1  10.4098894400000006  6.0191637800000004 14.4917092099999998 
