 3  1  1 E -0.0E+0 DE 0.0E+0( 1) 
 8.96536240000000006E+00 0.00000000000000000E+00 0.00000000000000000E+00 
 4.47614728695973607E+00 7.76800028506544038E+00 0.00000000000000000E+00 
 0.00000000000000000E+00 0.00000000000000000E+00 1.46387584600000000E+01 
  1 
 1.00000000000000000E+00 0.00000000000000000E+00 0.00000000000000000E+00 
 0.00000000000000000E+00 1.00000000000000000E+00 0.00000000000000000E+00 
 0.00000000000000000E+00 0.00000000000000000E+00 1.00000000000000000E+00 
 0.00000000000000000E+00 0.00000000000000000E+00 0.00000000000000000E+00 
       96 
    8   4.4609908599999999  2.5807253600000002  4.1268934100000001 
    8   2.2584023700000002  1.3057783700000001  0.4669150800000000 
    1   5.2677532500000002  2.1341957900000001  3.7913939299999999 
    1   1.4481884300000001  1.7467683800000000  0.1219259000000000 
    1   4.4822733499999998  3.4988518200000001  3.7801920299999998 
    1   2.2380125400000002  0.3841447200000000  0.1206336300000000 
    8   2.2180488800000000  1.2855752499999999  3.2088375299999998 
    8   4.5041347600000003  2.6031544300000000  6.8655052899999998 
    1   2.2437881599999998  1.2966015099999999  2.2242343999999998 
    1   4.4866358799999997  2.5899122100000000  5.8846172200000000 
    1   3.0319873799999999  1.7591529299999999  3.5115620100000000 
    1   3.6910488799999999  2.1334933800000000  7.1664574999999999 
    8   4.4643477599999999  2.5750662599999998 11.4377079699999999 
    8   2.2600558700000000  1.3057522600000000  7.7862743900000000 
    1   5.2725070199999999  2.1439409100000000 11.1043169699999993 
    1   1.4486743200000001  1.7521953200000000  7.4441544999999998 
    1   4.4859702800000001  3.5032445800000001 11.1091189600000000 
    1   2.2379938300000002  0.3795618700000000  7.4404194700000001 
    8   2.2230077700000002  1.2856814599999999 10.5252863699999999 
    8   4.4961092400000000  2.6011388800000002 14.1895830800000002 
    1   2.2398937999999999  1.2942287800000001  9.5396043099999996 
    1   4.4812464399999996  2.5898763800000002 13.2088506500000005 
    1   3.0273302900000001  1.7507558800000000 10.8333379999999995 
    1   3.6915075000000002  2.1318780899999998 14.4869709600000007 
    8   6.7025002100000002  6.4600722199999998  4.1199658100000001 
    8   4.4949898800000003  5.1886854199999997  0.4640418000000000 
    1   7.5075250699999998  6.0189253400000000  3.7808697400000000 
    1   3.6821446199999999  5.6301519100000004  0.1222518600000000 
    1   6.7195369400000002  7.3857868499999997  3.7866944899999999 
    1   4.4748813900000002  4.2653987799999999  0.1245177700000000 
    8   4.4589174700000003  5.1650883199999997  3.2042660399999998 
    8   6.7366301000000002  6.4844284700000001  6.8658913799999999 
    1   4.4716057300000003  5.1788506400000003  2.2205466100000000 
    1   6.7162946799999999  6.4758094200000000  5.8855289700000002 
    1   5.2701739900000000  5.6398945600000001  3.5134622599999998 
    1   5.9309690399999999  6.0129573900000004  7.1675586100000004 
    8   6.7029326999999999  6.4645262199999998 11.4381775599999997 
    8   4.4950505800000000  5.1888532900000000  7.7791358199999996 
    1   7.5135791000000003  6.0171198900000000 11.1023285600000001 
    1   3.6831897599999999  5.6305148699999998  7.4505109699999998 
    1   6.7175667299999997  7.3911025300000004 11.1013912799999996 
    1   4.4685283800000004  4.2679625400000001  7.4421579900000001 
    8   4.4560810000000002  5.1592829099999999 10.5265628600000003 
    8   6.7441043100000000  6.4846109099999998 14.1917677799999993 
    1   4.4735292400000004  5.1812923099999999  9.5501818000000007 
    1   6.7169592400000004  6.4747963700000000 13.2000463900000007 
    1   5.2699072999999999  5.6367806600000003 10.8317332299999993 
    1   5.9282209799999999  6.0233633600000003 14.4891214099999992 
    8   8.9411828500000006  2.5782857400000001  4.1224664799999999 
    8   6.7444020699999996  1.3040703400000000  0.4672291100000000 
    1   9.7526264200000004  2.1322066600000000  3.7853545700000000 
    1   5.9334201699999998  1.7522677300000000  0.1225364600000000 
    1   8.9648192499999997  3.5045457299999998  3.7881772599999999 
    1   6.7195641500000001  0.3774390300000000  0.1208696000000000 
    8   6.7057961400000003  1.2812517400000001  3.2103740500000000 
    8   8.9828372900000009  2.5957013500000001  6.8687573000000004 
    1   6.7197904700000004  1.2911429200000000  2.2253054200000002 
    1   8.9632105400000004  2.5927090399999999  5.8879612699999999 
    1   7.5196075000000002  1.7517490300000000  3.5100261499999998 
    1   8.1734382199999995  2.1314127900000002  7.1706205100000000 
    8   8.9508168300000008  2.5774759299999999 11.4409047600000005 
    8   6.7415777400000003  1.3069363899999999  7.7791430400000001 
    1   9.7547691200000006  2.1374909199999998 11.1029323800000004 
    1   5.9288044400000004  1.7492290500000001  7.4381922600000001 
    1   8.9642626799999992  3.5077084300000001 11.1024737899999995 
    1   6.7138116300000004  0.3820722800000000  7.4427983400000004 
    8   6.7048576999999998  1.2856247400000000 10.5270368899999998 
    8   8.9769074999999994  2.6037640299999998 14.1947066199999998 
    1   6.7302677199999996  1.2985475000000000  9.5480119299999995 
    1   8.9611998499999999  2.5852534999999999 13.2075467199999999 
    1   7.5195673300000001  1.7501108299999999 10.8235831200000003 
    1   8.1738708500000001  2.1312223399999999 14.4857488300000004 
    8  11.1854674099999993  6.4655940699999999  4.1177690900000004 
    8   8.9779105999999995  5.1883908200000004  0.4609182800000000 
    1  11.9901837699999998  6.0163335499999997  3.7851821100000000 
    1   8.1692624400000007  5.6378127200000003  0.1189206200000000 
    1  11.2034824700000009  7.3876287300000003  3.7805921300000001 
    1   8.9544572500000008  4.2691393000000000  0.1216366500000000 
    8   8.9411501100000006  5.1710630999999996  3.2143209200000000 
    8  11.2211510899999993  6.4847099200000002  6.8768689800000002 
    1   8.9670353299999999  5.1819284799999998  2.2277963900000000 
    1  11.2005745000000001  6.4726467699999999  5.8851131199999998 
    1   9.7583614500000007  5.6391445600000001  3.5077619000000002 
    1  10.4137901199999998  6.0097633200000002  7.1718816099999998 
    8  11.1838666799999995  6.4613674400000001 11.4388009799999999 
    8   8.9786838499999995  5.1908009200000000  7.7800000300000001 
    1  11.9931569200000006  6.0171223700000001 11.1023003599999992 
    1   8.1687888500000003  5.6342335500000003  7.4403195999999996 
    1  11.2089594399999992  7.3816174500000002 11.1027852300000003 
    1   8.9569757600000006  4.2598628500000002  7.4462590200000003 
    8   8.9425041699999994  5.1703639900000002 10.5327889999999993 
    8  11.2155321800000003  6.4807139800000000 14.1870835100000008 
    1   8.9586671899999999  5.1779949099999998  9.5446018099999996 
    1  11.2067942100000000  6.4744416200000003 13.2090965300000001 
    1   9.7551573699999992  5.6356390200000002 10.8329807700000007 
    1  10.4072672500000003  6.0144821799999999 14.4898565799999997 
