 3  1  1 E -0.0E+0 DE 0.0E+0( 1) 
 8.96536240000000006E+00 0.00000000000000000E+00 0.00000000000000000E+00 
 4.47614728695973607E+00 7.76800028506544038E+00 0.00000000000000000E+00 
 0.00000000000000000E+00 0.00000000000000000E+00 1.46387584600000000E+01 
  1 
 1.00000000000000000E+00 0.00000000000000000E+00 0.00000000000000000E+00 
 0.00000000000000000E+00 1.00000000000000000E+00 0.00000000000000000E+00 
 0.00000000000000000E+00 0.00000000000000000E+00 1.00000000000000000E+00 
 0.00000000000000000E+00 0.00000000000000000E+00 0.00000000000000000E+00 
       96 
    8   4.4581673899999998  2.5775971900000001  4.1203571900000000 
    8   2.2590510899999998  1.3043834100000000  0.4622878300000000 
    1   5.2762610700000003  2.1357666499999999  3.7847783000000002 
    1   1.4454803700000001  1.7494912400000000  0.1237743800000000 
    1   4.4809820399999998  3.5039681300000001  3.7833732499999999 
    1   2.2309766099999999  0.3824175900000000  0.1205073200000000 
    8   2.2200126400000002  1.2822072600000001  3.2084668700000001 
    8   4.5034012700000003  2.5991834599999999  6.8661163399999996 
    1   2.2363732199999999  1.2930396399999999  2.2281165399999998 
    1   4.4820053000000000  2.5913435300000001  5.8829987099999999 
    1   3.0335544900000002  1.7547974700000000  3.5100757699999998 
    1   3.6869282100000000  2.1336059100000000  7.1693564299999997 
    8   4.4653483999999999  2.5756589999999999 11.4413007300000000 
    8   2.2595037499999999  1.3013612200000000  7.7842000300000000 
    1   5.2666019999999998  2.1391885700000000 11.1011439599999999 
    1   1.4510464900000000  1.7451456400000001  7.4445260800000002 
    1   4.4823511600000003  3.5048420400000002 11.1024289399999994 
    1   2.2370652899999999  0.3791464300000000  7.4428257400000000 
    8   2.2284480699999998  1.2837911300000000 10.5289534099999997 
    8   4.4970944800000003  2.6003416800000001 14.1898853200000001 
    1   2.2366209600000002  1.2902980200000000  9.5477787200000002 
    1   4.4777758099999998  2.5846464999999998 13.2040269699999993 
    1   3.0347987999999999  1.7556042900000000 10.8298604600000008 
    1   3.6864355899999999  2.1347030899999999 14.4891890700000001 
    8   6.7018058700000003  6.4563407899999996  4.1273671099999998 
    8   4.4956065399999998  5.1902595900000001  0.4669642300000000 
    1   7.5092796599999998  6.0169100599999998  3.7830108800000000 
    1   3.6870397300000000  5.6371225899999997  0.1196393800000000 
    1   6.7244158199999999  7.3873606900000004  3.7817751400000001 
    1   4.4738386400000003  4.2666349500000003  0.1227724000000000 
    8   4.4572133599999999  5.1634243599999996  3.2049261499999999 
    8   6.7411527600000003  6.4854487799999996  6.8728911400000001 
    1   4.4789846700000000  5.1772199900000002  2.2218268600000002 
    1   6.7200799800000004  6.4744685300000002  5.8910394300000002 
    1   5.2661779700000002  5.6401016999999998  3.5124156599999998 
    1   5.9295127499999998  6.0119409700000004  7.1675497899999998 
    8   6.6984838599999996  6.4647473000000000 11.4388673599999997 
    8   4.4984343200000003  5.1852499300000003  7.7792581700000003 
    1   7.5086067700000001  6.0209605599999998 11.1029450900000004 
    1   3.6860783900000000  5.6342354800000001  7.4421217799999999 
    1   6.7239888499999996  7.3882922100000004 11.1082448300000003 
    1   4.4755760599999999  4.2619415299999996  7.4394748799999997 
    8   4.4610216500000002  5.1676389800000004 10.5268207199999999 
    8   6.7409928199999998  6.4859872200000002 14.1955516700000004 
    1   4.4824039800000000  5.1753596499999999  9.5439783299999998 
    1   6.7204165299999996  6.4702771900000000 13.2030206499999991 
    1   5.2700760000000004  5.6413261300000004 10.8286397700000006 
    1   5.9230343999999997  6.0165871500000003 14.4939339500000006 
    8   8.9462500800000004  2.5753290600000001  4.1239612599999997 
    8   6.7415618300000002  1.3065967300000001  0.4606764200000000 
    1   9.7586330199999995  2.1399938900000000  3.7841963500000002 
    1   5.9266834599999996  1.7492578700000001  0.1244500600000000 
    1   8.9644511100000006  3.4958604499999999  3.7827523900000002 
    1   6.7235323100000004  0.3782121500000000  0.1266317700000000 
    8   6.7019815999999999  1.2889820299999999  3.2042422799999999 
    8   8.9861359000000007  2.6042705200000000  6.8739247499999996 
    1   6.7278700300000001  1.2935509199999999  2.2255858100000001 
    1   8.9585931999999993  2.5891149800000002  5.8875564999999996 
    1   7.5182628999999999  1.7511681600000000  3.5112306599999998 
    1   8.1742078700000000  2.1364128600000001  7.1738764799999997 
    8   8.9512505000000004  2.5761561899999998 11.4422102199999998 
    8   6.7316487199999999  1.3044504800000001  7.7827044900000004 
    1   9.7602612200000003  2.1374264100000002 11.1029994500000004 
    1   5.9340240599999996  1.7489212199999999  7.4447930199999997 
    1   8.9697330799999992  3.5038446799999998 11.0993816600000006 
    1   6.7220580400000003  0.3827874900000000  7.4460062499999999 
    8   6.7024753099999996  1.2842710900000001 10.5289378800000009 
    8   8.9850978500000007  2.6020531500000001 14.1913441000000002 
    1   6.7211567199999998  1.2913431000000000  9.5440220399999998 
    1   8.9702417499999996  2.5923460600000001 13.2029816899999997 
    1   7.5162946000000002  1.7497307900000001 10.8258335199999998 
    1   8.1701563900000007  2.1370661000000002 14.4937589100000004 
    8  11.1806946000000007  6.4582441199999998  4.1178162699999996 
    8   8.9773538199999994  5.1892569799999997  0.4630920100000000 
    1  11.9906155099999996  6.0225694399999998  3.7780995900000001 
    1   8.1689882600000008  5.6293885299999999  0.1240894800000000 
    1  11.2075854800000005  7.3855549700000003  3.7833109199999999 
    1   8.9552535800000008  4.2690015900000002  0.1246352500000000 
    8   8.9407047599999991  5.1601811099999999  3.2068224600000002 
    8  11.2213223699999993  6.4841036900000004  6.8688209100000002 
    1   8.9575876599999997  5.1785378099999999  2.2210731500000001 
    1  11.2084965099999998  6.4737256900000002  5.8807472000000001 
    1   9.7543344699999999  5.6390488699999999  3.5096585000000000 
    1  10.4128584300000000  6.0157921400000003  7.1712058699999996 
    8  11.1842823700000000  6.4595242600000002 11.4372082299999995 
    8   8.9762330099999996  5.1875228099999999  7.7855423699999999 
    1  11.9958754899999995  6.0209793500000002 11.1021289799999998 
    1   8.1730035999999995  5.6286692399999998  7.4448253600000003 
    1  11.2077074700000008  7.3895606999999996 11.1046247900000008 
    1   8.9575896499999992  4.2605579400000000  7.4391714599999998 
    8   8.9401911599999995  5.1608029599999998 10.5333539100000007 
    8  11.2209463300000003  6.4787676000000003 14.1862644600000003 
    1   8.9593477200000002  5.1793111700000001  9.5463617099999993 
    1  11.2002126999999998  6.4769359499999997 13.2007227100000009 
    1   9.7506020899999992  5.6379136299999999 10.8311818399999993 
    1  10.4087308400000005  6.0196552900000002 14.4874298899999996 
