 3  1  1 E -0.0E+0 DE 0.0E+0( 1) 
 8.96536240000000006E+00 0.00000000000000000E+00 0.00000000000000000E+00 
 4.47614728695973607E+00 7.76800028506544038E+00 0.00000000000000000E+00 
 0.00000000000000000E+00 0.00000000000000000E+00 1.46387584600000000E+01 
  1 
 1.00000000000000000E+00 0.00000000000000000E+00 0.00000000000000000E+00 
 0.00000000000000000E+00 1.00000000000000000E+00 0.00000000000000000E+00 
 0.00000000000000000E+00 0.00000000000000000E+00 1.00000000000000000E+00 
 0.00000000000000000E+00 0.00000000000000000E+00 0.00000000000000000E+00 
       96 
    8   4.4615324699999999  2.5798275199999998  4.1177589899999996 
    8   2.2611136599999999  1.3062776500000000  0.4612449700000000 
    1   5.2727557100000002  2.1421351199999998  3.7805801200000002 
    1   1.4470390200000001  1.7434853699999999  0.1248932700000000 
    1   4.4855892400000004  3.4963606000000000  3.7799919399999999 
    1   2.2400118400000002  0.3807999600000000  0.1219874300000000 
    8   2.2232081300000002  1.2752531100000000  3.2085919700000001 
    8   4.4989278900000000  2.5985548299999999  6.8692669600000000 
    1   2.2393096099999998  1.2967576100000000  2.2281854999999999 
    1   4.4775560399999996  2.5863188099999999  5.8842165499999997 
    1   3.0320206600000001  1.7583716000000000  3.5058008599999999 
    1   3.6903648699999998  2.1348729700000000  7.1700140599999997 
    8   4.4575244400000003  2.5809104800000000 11.4440236300000002 
    8   2.2581576399999999  1.3058505100000000  7.7803145799999998 
    1   5.2772817500000002  2.1363148299999999 11.1061720600000005 
    1   1.4452622100000001  1.7496365599999999  7.4422905899999998 
    1   4.4832020100000003  3.5001209000000002 11.1026884599999995 
    1   2.2419925900000002  0.3786937000000000  7.4377440999999997 
    8   2.2164008100000001  1.2849787399999999 10.5299776000000005 
    8   4.5020826999999999  2.6027699200000001 14.1889828300000005 
    1   2.2352387800000000  1.2982156100000000  9.5504037299999993 
    1   4.4816674100000000  2.5927084900000001 13.2055082600000002 
    1   3.0310877100000000  1.7555541699999999 10.8292319999999993 
    1   3.6863648599999999  2.1346864299999999 14.4883045999999993 
    8   6.6997396199999999  6.4657159300000000  4.1231606300000001 
    8   4.5016628799999996  5.1925653199999999  0.4622109000000000 
    1   7.5162256100000002  6.0191448200000002  3.7817123900000000 
    1   3.6839720599999999  5.6357224199999996  0.1250013300000000 
    1   6.7233353999999999  7.3842637099999999  3.7872336799999999 
    1   4.4688151899999999  4.2640598699999996  0.1226439900000000 
    8   4.4616107800000000  5.1657795200000001  3.2117952800000000 
    8   6.7416293200000004  6.4825650000000001  6.8657175400000003 
    1   4.4794798199999999  5.1782673399999997  2.2241112900000002 
    1   6.7190845599999998  6.4691235300000001  5.8833712499999997 
    1   5.2705240900000003  5.6443897300000003  3.5166625699999998 
    1   5.9280018099999996  6.0170322799999996  7.1640468200000003 
    8   6.7024891799999997  6.4626985399999999 11.4412306299999997 
    8   4.4985940700000002  5.1886174799999996  7.7814873000000002 
    1   7.5095684399999998  6.0240641899999998 11.1032366899999992 
    1   3.6853246199999998  5.6312468899999999  7.4442632499999997 
    1   6.7222324899999997  7.3858752599999997 11.1049062700000007 
    1   4.4772797400000002  4.2642765499999999  7.4417206299999998 
    8   4.4610741100000002  5.1736791000000002 10.5276160599999997 
    8   6.7423348599999997  6.4895793800000003 14.1948921499999994 
    1   4.4807849800000001  5.1767561300000002  9.5446170600000002 
    1   6.7161784600000001  6.4754269799999999 13.2021908600000000 
    1   5.2727617599999999  5.6342965200000004 10.8222904900000003 
    1   5.9223678900000003  6.0148951400000001 14.4892708799999994 
    8   8.9433615100000008  2.5788079000000002  4.1183327299999997 
    8   6.7448122399999999  1.3080839300000000  0.4574812500000000 
    1   9.7560793599999993  2.1359703600000000  3.7826653000000001 
    1   5.9295419000000003  1.7496282500000000  0.1260562900000000 
    1   8.9688186900000009  3.5006005000000000  3.7820385200000000 
    1   6.7148044400000000  0.3813806600000000  0.1250375000000000 
    8   6.7084099100000003  1.2835181899999999  3.2112174900000001 
    8   8.9894228999999992  2.6003041800000002  6.8702136500000002 
    1   6.7214483500000002  1.2890889200000000  2.2226495499999999 
    1   8.9609258700000005  2.5898677700000001  5.8845986000000003 
    1   7.5180962400000002  1.7483895400000000  3.5090664000000000 
    1   8.1705160499999998  2.1307838800000001  7.1660455299999999 
    8   8.9464467200000009  2.5802578800000000 11.4403502499999998 
    8   6.7440309200000002  1.3035058100000001  7.7811313400000000 
    1   9.7511059400000004  2.1344874699999998 11.1073958699999995 
    1   5.9271077200000004  1.7486350200000000  7.4428147400000002 
    1   8.9693913199999997  3.4981664399999999 11.1057142500000001 
    1   6.7153794299999996  0.3813444600000000  7.4437380400000004 
    8   6.7094175900000002  1.2822066000000001 10.5294439499999992 
    8   8.9877492799999992  2.5996397999999998 14.1897177800000005 
    1   6.7211480899999998  1.3010035400000000  9.5457777700000008 
    1   8.9608413599999999  2.5916012300000002 13.2046007999999997 
    1   7.5091018700000003  1.7533544900000000 10.8305491400000005 
    1   8.1700429299999993  2.1282766400000002 14.4870744699999996 
    8  11.1787211600000003  6.4626340400000002  4.1208428599999998 
    8   8.9792589899999999  5.1849263499999996  0.4551085700000000 
    1  11.9982749299999991  6.0193143200000003  3.7840961300000000 
    1   8.1745778399999995  5.6312047400000003  0.1236794500000000 
    1  11.1990899000000006  7.3828499000000001  3.7866890899999999 
    1   8.9558697100000000  4.2637044099999999  0.1280817100000000 
    8   8.9450492399999995  5.1684939300000003  3.2044260699999998 
    8  11.2219913899999995  6.4872737999999996  6.8737061099999996 
    1   8.9595809000000006  5.1810035200000000  2.2217639100000000 
    1  11.2060606000000007  6.4757088300000003  5.8871368200000003 
    1   9.7475209599999992  5.6386729700000000  3.5090690200000001 
    1  10.4062884899999997  6.0189370999999996  7.1700233999999998 
    8  11.1874143999999998  6.4601668099999996 11.4355370399999998 
    8   8.9826776800000001  5.1857324100000000  7.7838148199999999 
    1  11.9929293500000007  6.0217268800000001 11.1052128600000000 
    1   8.1650867799999993  5.6355581499999996  7.4455189700000002 
    1  11.2084141499999994  7.3821885299999996 11.1046265599999998 
    1   8.9525237999999998  4.2693283500000003  7.4428048300000000 
    8   8.9401846799999998  5.1682527399999998 10.5266569200000006 
    8  11.2232323300000001  6.4835192199999998 14.1879902900000001 
    1   8.9585267399999999  5.1796619399999999  9.5467087399999997 
    1  11.2076089799999998  6.4730633199999996 13.2010988499999993 
    1   9.7520682900000004  5.6354953800000001 10.8274742600000007 
    1  10.4033128599999998  6.0098502800000002 14.4865528999999995 
