 3  1  1 E -0.0E+0 DE 0.0E+0( 1) 
 8.96536240000000006E+00 0.00000000000000000E+00 0.00000000000000000E+00 
 4.47614728695973607E+00 7.76800028506544038E+00 0.00000000000000000E+00 
 0.00000000000000000E+00 0.00000000000000000E+00 1.46387584600000000E+01 
  1 
 1.00000000000000000E+00 0.00000000000000000E+00 0.00000000000000000E+00 
 0.00000000000000000E+00 1.00000000000000000E+00 0.00000000000000000E+00 
 0.00000000000000000E+00 0.00000000000000000E+00 1.00000000000000000E+00 
 0.00000000000000000E+00 0.00000000000000000E+00 0.00000000000000000E+00 
       96 
    8   4.4592756299999996  2.5808497699999999  4.1179505100000000 
    8   2.2592347099999999  1.3017250899999999  0.4614340000000000 
    1   5.2711688099999998  2.1381255399999999  3.7890223900000000 
    1   1.4509742600000000  1.7448148900000000  0.1205745500000000 
    1   4.4844727899999999  3.5002863799999999  3.7830049099999998 
    1   2.2373023900000000  0.3790284600000000  0.1272782900000000 
    8   2.2238977900000001  1.2848523500000000  3.2106608099999998 
    8   4.4988163200000004  2.5984410200000001  6.8735529299999998 
    1   2.2424957999999999  1.2929904699999999  2.2259659500000000 
    1   4.4813824499999999  2.5890783100000001  5.8797717399999998 
    1   3.0305569700000001  1.7494803000000001  3.5137737400000000 
    1   3.6882380000000001  2.1324401800000001  7.1768665199999999 
    8   4.4600968999999999  2.5832439100000002 11.4434460500000004 
    8   2.2590894900000000  1.3019414600000001  7.7818642300000000 
    1   5.2724753800000004  2.1340787300000001 11.1072031800000008 
    1   1.4502575700000000  1.7417440000000000  7.4469838700000004 
    1   4.4830633799999999  3.4982567400000000 11.1047028700000006 
    1   2.2366561800000002  0.3829175400000000  7.4425115799999997 
    8   2.2244664900000002  1.2858933699999999 10.5290273400000007 
    8   4.5007529799999997  2.6025474700000002 14.1863232900000007 
    1   2.2397610800000001  1.2921600300000000  9.5487517799999999 
    1   4.4769401000000002  2.5908188700000001 13.2053356100000006 
    1   3.0265660200000002  1.7553375499999999 10.8298733800000004 
    1   3.6915967400000000  2.1353841700000000 14.4914039500000005 
    8   6.7049922300000002  6.4607807199999998  4.1250576499999996 
    8   4.4969509199999997  5.1913908600000003  0.4612134800000000 
    1   7.5100283399999999  6.0228484299999998  3.7842672799999999 
    1   3.6859205300000002  5.6335411999999998  0.1224874100000000 
    1   6.7215064699999996  7.3830915800000003  3.7852835499999999 
    1   4.4732466000000004  4.2722563899999999  0.1249337900000000 
    8   4.4583574199999996  5.1706903300000002  3.2032480400000001 
    8   6.7364851300000002  6.4855472199999999  6.8683479500000004 
    1   4.4797178300000002  5.1772694300000000  2.2260827399999998 
    1   6.7192007900000004  6.4734133900000002  5.8890481799999996 
    1   5.2683275600000004  5.6373952400000000  3.5046304300000002 
    1   5.9272464200000003  6.0151316100000001  7.1701984400000001 
    8   6.6980798699999999  6.4634612799999998 11.4430698000000000 
    8   4.4932224700000001  5.1873070999999999  7.7824099499999999 
    1   7.5105049099999999  6.0210172999999996 11.1037921999999991 
    1   3.6817951600000001  5.6259435199999999  7.4344784400000004 
    1   6.7220826599999999  7.3845701000000004 11.0951743000000000 
    1   4.4795328500000000  4.2629763799999996  7.4459725299999997 
    8   4.4593965600000001  5.1704803000000004 10.5318794100000002 
    8   6.7449014199999997  6.4791241199999998 14.1873586199999995 
    1   4.4760127000000001  5.1806220800000000  9.5413550899999997 
    1   6.7169524500000000  6.4731441900000002 13.2052760899999999 
    1   5.2705981499999996  5.6362682599999996 10.8313324800000004 
    1   5.9261550099999996  6.0145352799999996 14.4932247400000005 
    8   8.9474573399999997  2.5781686700000002  4.1271861799999998 
    8   6.7408297499999996  1.3047951000000000  0.4600044000000000 
    1   9.7508852099999999  2.1409971699999999  3.7797834199999998 
    1   5.9266164999999997  1.7535157100000001  0.1168261200000000 
    1   8.9707565599999999  3.4973204400000002  3.7827709199999999 
    1   6.7165047600000003  0.3810858700000000  0.1250055800000000 
    8   6.7016588800000001  1.2808130499999999  3.2115130500000002 
    8   8.9845476699999995  2.6013371599999999  6.8692104699999996 
    1   6.7179037099999999  1.2889698800000000  2.2284793800000000 
    1   8.9648390399999993  2.5891851799999999  5.8859024299999998 
    1   7.5163082000000001  1.7490223499999999  3.5107664000000001 
    1   8.1708038799999994  2.1329596500000001  7.1756521400000004 
    8   8.9443066400000006  2.5826263900000002 11.4329723100000002 
    8   6.7415517999999999  1.3061155000000000  7.7805858700000003 
    1   9.7547410200000009  2.1372100900000000 11.1021291699999995 
    1   5.9345564099999999  1.7501056399999999  7.4414487100000004 
    1   8.9680797499999994  3.5015974900000000 11.1005502200000006 
    1   6.7225154800000002  0.3877254900000000  7.4388447299999996 
    8   6.7090453600000002  1.2849037100000000 10.5309638200000002 
    8   8.9770968300000007  2.5994608900000000 14.1914029199999998 
    1   6.7260415599999996  1.2898887299999999  9.5462801600000002 
    1   8.9702125000000006  2.5967161399999998 13.2080349699999999 
    1   7.5140360700000004  1.7545127500000000 10.8319393900000005 
    1   8.1724403999999993  2.1293810999999998 14.4870407700000001 
    8  11.1847490599999997  6.4681149500000004  4.1191550699999997 
    8   8.9819211800000005  5.1847685500000003  0.4595243100000000 
    1  11.9952307699999992  6.0219433499999999  3.7841419699999999 
    1   8.1667851099999993  5.6311886900000001  0.1230378300000000 
    1  11.2077997400000005  7.3857081700000000  3.7768583400000000 
    1   8.9611875100000002  4.2666337099999998  0.1231502600000000 
    8   8.9376500199999995  5.1641806900000002  3.2066931599999999 
    8  11.2207000200000007  6.4826778999999997  6.8726459200000001 
    1   8.9643906599999994  5.1688445999999999  2.2217507699999999 
    1  11.1982195900000008  6.4749407000000003  5.8893591299999999 
    1   9.7562298300000005  5.6385343299999997  3.5096164000000001 
    1  10.4025826499999994  6.0133517599999999  7.1626434500000000 
    8  11.1858359200000006  6.4637063799999996 11.4395412299999997 
    8   8.9754370100000003  5.1899069600000001  7.7817399500000004 
    1  11.9907813599999997  6.0233226000000002 11.1068639999999998 
    1   8.1712419599999997  5.6295133000000002  7.4373277699999996 
    1  11.2073738800000005  7.3872032200000000 11.0972270000000002 
    1   8.9574728300000004  4.2677532100000004  7.4435323100000002 
    8   8.9380094400000001  5.1645270099999996 10.5273567400000001 
    8  11.2194514900000009  6.4837382100000003 14.1865432699999996 
    1   8.9612441399999998  5.1804864899999998  9.5501440599999992 
    1  11.2016306199999995  6.4780766500000002 13.2097425600000005 
    1   9.7533604900000004  5.6350428499999996 10.8287995699999993 
    1  10.4023366700000004  6.0131002300000000 14.4852099200000008 
