 3  1  1 E -0.0E+0 DE 0.0E+0( 1) 
 8.96536240000000006E+00 0.00000000000000000E+00 0.00000000000000000E+00 
 4.47614728695973607E+00 7.76800028506544038E+00 0.00000000000000000E+00 
 0.00000000000000000E+00 0.00000000000000000E+00 1.46387584600000000E+01 
  1 
 1.00000000000000000E+00 0.00000000000000000E+00 0.00000000000000000E+00 
 0.00000000000000000E+00 1.00000000000000000E+00 0.00000000000000000E+00 
 0.00000000000000000E+00 0.00000000000000000E+00 1.00000000000000000E+00 
 0.00000000000000000E+00 0.00000000000000000E+00 0.00000000000000000E+00 
       96 
    8   4.4625674999999996  2.5859124100000002  4.1222447799999999 
    8   2.2618314100000001  1.3080994900000000  0.4672900700000000 
    1   5.2723877500000000  2.1377875400000002  3.7844047600000001 
    1   1.4472689599999999  1.7456625800000001  0.1254305600000000 
    1   4.4849613799999997  3.5087388800000001  3.7793014199999999 
    1   2.2382147500000000  0.3802722600000000  0.1201188600000000 
    8   2.2226248800000001  1.2859043699999999  3.2115880099999998 
    8   4.4985946400000003  2.5960174000000000  6.8688612800000000 
    1   2.2426772599999998  1.2921412999999999  2.2281542399999998 
    1   4.4855572800000001  2.5870394200000000  5.8791854600000004 
    1   3.0315553799999999  1.7504269100000001  3.5098828599999998 
    1   3.6883089800000000  2.1330622600000000  7.1711325099999996 
    8   4.4633076999999997  2.5776180700000002 11.4356771399999992 
    8   2.2563420199999999  1.3084798000000000  7.7813433900000000 
    1   5.2701100299999997  2.1309750200000002 11.1014251700000006 
    1   1.4467424600000001  1.7476291600000000  7.4405902499999996 
    1   4.4810599299999998  3.5044740299999999 11.1050664300000008 
    1   2.2390816899999999  0.3835538500000000  7.4434774600000004 
    8   2.2171810299999999  1.2833453100000001 10.5366688400000008 
    8   4.4996120199999998  2.5954746499999999 14.1911104800000007 
    1   2.2333204499999999  1.2940300499999999  9.5395166400000004 
    1   4.4811428199999996  2.5881958699999998 13.2023153299999993 
    1   3.0311429799999998  1.7560450599999999 10.8236087800000007 
    1   3.6959889300000000  2.1300155300000001 14.4884842599999999 
    8   6.7003287900000004  6.4597603799999996  4.1179422099999998 
    8   4.4964855899999998  5.1917344800000000  0.4604468300000000 
    1   7.5081164600000001  6.0219325200000000  3.7843887000000000 
    1   3.6866755699999998  5.6315862599999997  0.1225181900000000 
    1   6.7231733900000004  7.3850704699999996  3.7844410700000002 
    1   4.4729940299999997  4.2689965499999998  0.1213209700000000 
    8   4.4550081700000002  5.1647588100000004  3.2093851799999999 
    8   6.7349043200000001  6.4867093699999998  6.8626382799999996 
    1   4.4764767799999996  5.1766550499999999  2.2238753099999999 
    1   6.7213846100000003  6.4770871899999998  5.8833323699999998 
    1   5.2664630399999997  5.6322633700000004  3.5111535900000002 
    1   5.9301137199999996  6.0138328500000000  7.1718118200000003 
    8   6.6923471599999997  6.4630934800000004 11.4435861800000005 
    8   4.5024978200000003  5.1916681400000000  7.7816108399999999 
    1   7.5126262500000003  6.0178462200000000 11.1068912799999993 
    1   3.6880220000000001  5.6294865300000003  7.4484736099999997 
    1   6.7201440699999999  7.3840765599999996 11.1057759800000007 
    1   4.4689031400000001  4.2647730800000003  7.4449976600000003 
    8   4.4526678000000004  5.1754287400000001 10.5254948899999992 
    8   6.7397452199999996  6.4783017999999997 14.1902907299999992 
    1   4.4822062000000003  5.1775085399999998  9.5460887799999998 
    1   6.7161116099999996  6.4726596000000001 13.2083865199999995 
    1   5.2693146600000000  5.6346137900000004 10.8250746899999992 
    1   5.9284749000000003  6.0147834600000003 14.4894736999999996 
    8   8.9423829000000001  2.5763641700000002  4.1190687900000000 
    8   6.7442298599999999  1.3031688299999999  0.4686489900000000 
    1   9.7548168700000009  2.1357482900000000  3.7855945400000000 
    1   5.9305554799999998  1.7446374099999999  0.1254799300000000 
    1   8.9653398499999994  3.5068914599999998  3.7834269599999999 
    1   6.7181987799999998  0.3874972600000000  0.1210000600000000 
    8   6.7048306400000000  1.2841176000000001  3.2059064500000001 
    8   8.9820246000000008  2.6039636599999998  6.8646691600000000 
    1   6.7205997599999998  1.2966062700000001  2.2227372399999998 
    1   8.9603297600000005  2.5940427599999998  5.8880457699999997 
    1   7.5116964700000004  1.7587601700000000  3.5137163400000002 
    1   8.1719680399999994  2.1340555999999999  7.1730466499999999 
    8   8.9479258599999998  2.5762641799999999 11.4481455600000004 
    8   6.7441023900000001  1.3034502699999999  7.7851057600000004 
    1   9.7567169299999996  2.1340120699999998 11.0998077100000003 
    1   5.9332710100000003  1.7439861400000001  7.4407737100000002 
    1   8.9632288599999992  3.4994363800000001 11.1036423099999997 
    1   6.7223887600000003  0.3803572700000000  7.4419033700000004 
    8   6.6984363199999999  1.2788950200000000 10.5321565600000007 
    8   8.9831244300000002  2.6008375099999999 14.1875625700000008 
    1   6.7284639999999998  1.2914172100000001  9.5530235000000001 
    1   8.9606185400000005  2.5920740699999998 13.2109087899999995 
    1   7.5158873200000000  1.7556841100000000 10.8339497399999996 
    1   8.1738610800000000  2.1281993899999998 14.4894148900000008 
    8  11.1816831299999997  6.4669439899999999  4.1239431199999999 
    8   8.9739313000000003  5.1838895200000001  0.4632009100000000 
    1  11.9944738300000004  6.0178543199999996  3.7830935900000000 
    1   8.1678490900000007  5.6305630999999998  0.1169495900000000 
    1  11.2066098899999993  7.3837371599999999  3.7881636200000002 
    1   8.9626100599999994  4.2642336399999996  0.1240192600000000 
    8   8.9389361300000001  5.1662015600000002  3.2105765100000001 
    8  11.2142788000000007  6.4902134000000000  6.8667495299999999 
    1   8.9555246999999998  5.1763853099999997  2.2263013400000000 
    1  11.1981858699999997  6.4736423800000003  5.8864822600000002 
    1   9.7472194000000005  5.6348392100000000  3.5105647599999998 
    1  10.4099041400000001  6.0178713100000003  7.1653592300000000 
    8  11.1793290499999998  6.4671857299999997 11.4503267300000005 
    8   8.9728291999999996  5.1861466600000004  7.7771990000000004 
    1  11.9942478700000006  6.0256857600000000 11.1011437399999995 
    1   8.1624597800000007  5.6288212099999999  7.4434510700000001 
    1  11.2042707299999993  7.3862117400000002 11.1014509700000001 
    1   8.9583946599999997  4.2653890900000002  7.4374780999999999 
    8   8.9423462699999998  5.1675872399999996 10.5320944799999996 
    8  11.2173437800000002  6.4794637799999997 14.1898811100000000 
    1   8.9621677200000001  5.1741517999999997  9.5447052400000008 
    1  11.2026649500000008  6.4733764599999999 13.2027559500000002 
    1   9.7560066499999998  5.6357725399999996 10.8265089900000007 
    1  10.4108291899999994  6.0173966700000001 14.4911345300000001 
