 3  1  1 E -0.0E+0 DE 0.0E+0( 1) 
 8.96536240000000006E+00 0.00000000000000000E+00 0.00000000000000000E+00 
 4.47614728695973607E+00 7.76800028506544038E+00 0.00000000000000000E+00 
 0.00000000000000000E+00 0.00000000000000000E+00 1.46387584600000000E+01 
  1 
 1.00000000000000000E+00 0.00000000000000000E+00 0.00000000000000000E+00 
 0.00000000000000000E+00 1.00000000000000000E+00 0.00000000000000000E+00 
 0.00000000000000000E+00 0.00000000000000000E+00 1.00000000000000000E+00 
 0.00000000000000000E+00 0.00000000000000000E+00 0.00000000000000000E+00 
       96 
    8   4.4647726499999996  2.5788890300000000  4.1224664899999999 
    8   2.2590432900000001  1.3045616799999999  0.4604240100000000 
    1   5.2718323600000003  2.1326573000000000  3.7806744700000001 
    1   1.4437022100000001  1.7479754599999999  0.1249623700000000 
    1   4.4856742299999999  3.5011899799999999  3.7896161300000002 
    1   2.2321799800000002  0.3837298500000000  0.1225392100000000 
    8   2.2190405499999999  1.2863438199999999  3.2117963299999999 
    8   4.4999390500000001  2.6002219400000000  6.8651545399999998 
    1   2.2463268300000001  1.2871529700000000  2.2258126699999998 
    1   4.4774185800000001  2.5890481400000001  5.8854632599999999 
    1   3.0348122599999998  1.7509942500000000  3.5158547300000000 
    1   3.6895526699999999  2.1261330599999999  7.1732815099999998 
    8   4.4611270300000001  2.5804499999999999 11.4408409300000002 
    8   2.2555826799999998  1.3058238099999999  7.7840979800000003 
    1   5.2720764800000000  2.1307470099999999 11.1077389899999996 
    1   1.4444347700000000  1.7501894600000001  7.4412577999999998 
    1   4.4833018500000001  3.5026059400000000 11.0992857600000008 
    1   2.2368966800000001  0.3824799700000000  7.4432758899999998 
    8   2.2215392100000000  1.2883191400000000 10.5255535099999999 
    8   4.4989269700000003  2.6004883400000001 14.1863544699999995 
    1   2.2409433299999999  1.2929206200000001  9.5438115700000008 
    1   4.4833801400000004  2.5910334599999998 13.2090818300000006 
    1   3.0279099600000001  1.7528104600000001 10.8336924299999993 
    1   3.6877157299999999  2.1312198400000000 14.4897224700000002 
    8   6.6992616500000004  6.4570408099999996  4.1210641800000003 
    8   4.4949935999999999  5.1888358400000003  0.4608544500000000 
    1   7.5092285700000003  6.0153073399999997  3.7814394800000000 
    1   3.6867013399999999  5.6295557299999999  0.1234317400000000 
    1   6.7208413699999996  7.3846312300000001  3.7865771200000000 
    1   4.4699752699999999  4.2669630099999996  0.1268162700000000 
    8   4.4533966700000001  5.1686648000000002  3.2123985799999999 
    8   6.7362752700000001  6.4828650699999999  6.8715768400000004 
    1   4.4804707400000003  5.1798956100000000  2.2262419200000001 
    1   6.7125009300000000  6.4795552100000000  5.8898330699999999 
    1   5.2720307000000002  5.6344399699999999  3.5082336999999999 
    1   5.9223395800000000  6.0171425100000002  7.1783463999999997 
    8   6.6972079500000001  6.4670069100000003 11.4371102600000007 
    8   4.4991986099999997  5.1910027400000001  7.7804195900000002 
    1   7.5138274300000001  6.0208854599999997 11.1005745499999993 
    1   3.6836324500000002  5.6290282600000001  7.4432164600000004 
    1   6.7220794899999996  7.3920185500000004 11.1080816400000000 
    1   4.4792619399999998  4.2653126800000001  7.4428225200000000 
    8   4.4544374199999996  5.1635126299999996 10.5246431099999995 
    8   6.7380685500000004  6.4842459699999999 14.1870164100000000 
    1   4.4819477299999999  5.1782516500000000  9.5412222599999996 
    1   6.7217301999999997  6.4735195599999997 13.2095504699999999 
    1   5.2685546299999997  5.6358244099999997 10.8297512900000008 
    1   5.9285864300000002  6.0161092299999996 14.4908689200000005 
    8   8.9437670199999992  2.5807069100000000  4.1185142900000002 
    8   6.7415528800000004  1.3104802000000000  0.4632665500000000 
    1   9.7553317300000000  2.1352094300000002  3.7802732600000000 
    1   5.9346089700000002  1.7428976800000000  0.1122337500000000 
    1   8.9697539899999992  3.5084431399999998  3.7825917300000000 
    1   6.7227386700000000  0.3886589100000000  0.1226524300000000 
    8   6.7070216399999998  1.2834192000000000  3.2102218800000002 
    8   8.9798716499999998  2.6033799399999999  6.8647694100000001 
    1   6.7243297000000002  1.2944560899999999  2.2271096199999998 
    1   8.9688743500000001  2.5878870699999998  5.8857029100000000 
    1   7.5188903299999996  1.7511429199999999  3.5116754999999999 
    1   8.1708900799999995  2.1325746699999999  7.1706943799999996 
    8   8.9459309800000000  2.5781123300000002 11.4388199999999998 
    8   6.7388703000000003  1.3071129399999999  7.7824157200000004 
    1   9.7541358999999996  2.1326888300000002 11.1038280199999999 
    1   5.9294987199999998  1.7468159700000001  7.4452457799999996 
    1   8.9706115700000009  3.5080195000000001 11.1021390800000006 
    1   6.7204901799999996  0.3880285900000000  7.4443425699999999 
    8   6.7040950500000003  1.2829873300000001 10.5285084900000001 
    8   8.9802509599999993  2.5946128100000001 14.1946847500000004 
    1   6.7203897899999996  1.2965603999999999  9.5419446699999995 
    1   8.9614131599999993  2.5892563399999999 13.2008675400000008 
    1   7.5172749600000000  1.7495612400000000 10.8234162699999992 
    1   8.1711461399999994  2.1308601500000002 14.4889163700000001 
    8  11.1844070700000007  6.4634206299999999  4.1209119899999997 
    8   8.9817621899999995  5.1887379400000002  0.4625652000000000 
    1  11.9966618700000005  6.0153657200000001  3.7792115300000000 
    1   8.1694136400000001  5.6315596200000000  0.1237990100000000 
    1  11.2060022900000007  7.3898923200000004  3.7774840799999998 
    1   8.9572002699999995  4.2699426699999998  0.1261621700000000 
    8   8.9412295999999998  5.1689762999999997  3.2054020799999998 
    8  11.2247046400000006  6.4839545300000001  6.8661206100000003 
    1   8.9602803699999996  5.1819015700000000  2.2262910499999999 
    1  11.2043435400000000  6.4743760600000000  5.8866104899999998 
    1   9.7541042299999994  5.6405975100000001  3.5130448300000001 
    1  10.4089972900000003  6.0146414600000000  7.1743560899999999 
    8  11.1831135199999991  6.4643439300000001 11.4420617799999995 
    8   8.9779985399999997  5.1877154599999997  7.7815173700000004 
    1  11.9916339999999995  6.0149390199999999 11.1015924800000008 
    1   8.1673204199999994  5.6321263699999999  7.4439000999999996 
    1  11.2024633199999997  7.3873077399999998 11.0971590599999992 
    1   8.9547902199999996  4.2605437500000001  7.4441008100000001 
    8   8.9408493700000005  5.1727372400000000 10.5354684899999995 
    8  11.2219439300000001  6.4822891800000004 14.1854111199999995 
    1   8.9644145999999996  5.1689310800000001  9.5438705200000005 
    1  11.1987147799999995  6.4829972600000003 13.2068776700000008 
    1   9.7552699199999999  5.6357929699999998 10.8247369399999993 
    1  10.4079757500000003  6.0172300900000000 14.4929233699999997 
