 3  1  1 E -0.0E+0 DE 0.0E+0( 1) 
 8.96536240000000006E+00 0.00000000000000000E+00 0.00000000000000000E+00 
 4.47614728695973607E+00 7.76800028506544038E+00 0.00000000000000000E+00 
 0.00000000000000000E+00 0.00000000000000000E+00 1.46387584600000000E+01 
  1 
 1.00000000000000000E+00 0.00000000000000000E+00 0.00000000000000000E+00 
 0.00000000000000000E+00 1.00000000000000000E+00 0.00000000000000000E+00 
 0.00000000000000000E+00 0.00000000000000000E+00 1.00000000000000000E+00 
 0.00000000000000000E+00 0.00000000000000000E+00 0.00000000000000000E+00 
       96 
    8   4.4621008000000000  2.5791024400000002  4.1243252600000000 
    8   2.2579115399999998  1.3016886599999999  0.4597109000000000 
    1   5.2744297500000004  2.1445155400000000  3.7815772499999998 
    1   1.4490040700000000  1.7443239300000000  0.1285647000000000 
    1   4.4833767900000003  3.5013760399999998  3.7895958799999998 
    1   2.2313125100000000  0.3820039200000000  0.1223152700000000 
    8   2.2200901200000001  1.2821218299999999  3.2121000099999999 
    8   4.4991382599999996  2.6064091399999998  6.8656198499999999 
    1   2.2388315900000002  1.2977678699999999  2.2246982100000001 
    1   4.4795007399999998  2.5871006799999998  5.8855494799999999 
    1   3.0345274500000001  1.7495356600000000  3.5065644599999999 
    1   3.6856524099999999  2.1270326900000001  7.1645838599999996 
    8   4.4606445199999998  2.5744472400000000 11.4337640100000009 
    8   2.2626525000000002  1.2998305299999999  7.7850752800000000 
    1   5.2748865100000000  2.1345042500000000 11.1050604100000001 
    1   1.4421766400000000  1.7462797400000001  7.4419114899999999 
    1   4.4799359200000000  3.5028796700000000 11.1021456900000004 
    1   2.2374047899999998  0.3809179500000000  7.4474648999999999 
    8   2.2221856199999999  1.2817284799999999 10.5281859799999999 
    8   4.5041259499999997  2.6019606999999998 14.1878047699999996 
    1   2.2382754000000000  1.2970528900000000  9.5435475000000007 
    1   4.4811832899999997  2.5896511900000001 13.2073727299999995 
    1   3.0347455100000000  1.7519923399999999 10.8335020600000007 
    1   3.6934573099999999  2.1322951099999998 14.4874398099999997 
    8   6.6992510999999997  6.4657698500000000  4.1259656900000001 
    8   4.4966605800000004  5.1881075200000000  0.4655347800000000 
    1   7.5096478600000003  6.0198959500000004  3.7790971199999999 
    1   3.6875272799999999  5.6302341599999997  0.1237078300000000 
    1   6.7222245200000001  7.3878713899999999  3.7818884300000000 
    1   4.4752110700000003  4.2690916300000001  0.1265564100000000 
    8   4.4620341300000002  5.1644658100000003  3.2093082000000002 
    8   6.7418867999999996  6.4845149700000002  6.8738789400000000 
    1   4.4790474099999997  5.1782474900000004  2.2216143900000000 
    1   6.7178047500000000  6.4766707500000003  5.8832076400000002 
    1   5.2729570299999997  5.6368413400000001  3.5111326799999998 
    1   5.9266721100000002  6.0151449499999998  7.1630215899999996 
    8   6.6980211299999999  6.4609799900000002 11.4384492000000009 
    8   4.4910661400000000  5.1905966599999998  7.7906955900000003 
    1   7.5104217899999997  6.0250862400000003 11.1033864900000001 
    1   3.6905357200000002  5.6337742600000000  7.4429143599999996 
    1   6.7218147999999998  7.3876933800000000 11.1003712399999994 
    1   4.4768740600000001  4.2686568999999999  7.4458259800000004 
    8   4.4559635799999997  5.1651229000000001 10.5267625599999999 
    8   6.7425332600000001  6.4905347700000000 14.1849604100000004 
    1   4.4727579400000002  5.1747609099999998  9.5448715899999996 
    1   6.7184227099999996  6.4764460799999997 13.2097394900000005 
    1   5.2680397399999999  5.6379665100000000 10.8302306500000007 
    1   5.9286851299999999  6.0119981999999998 14.4925294900000008 
    8   8.9462363899999993  2.5820314199999999  4.1180323200000002 
    8   6.7414728899999998  1.2999069500000000  0.4605329900000000 
    1   9.7538043000000005  2.1317454900000001  3.7847568200000001 
    1   5.9347484100000001  1.7469002000000000  0.1264697700000000 
    1   8.9704836700000001  3.5019396999999999  3.7868764600000002 
    1   6.7153126199999997  0.3851391400000000  0.1286239000000000 
    8   6.7053973400000002  1.2846856099999999  3.2063926399999998 
    8   8.9809330799999998  2.6020987299999998  6.8599910599999996 
    1   6.7231308700000003  1.2922824300000000  2.2212168600000002 
    1   8.9628727599999998  2.5866903400000001  5.8820174500000002 
    1   7.5172433300000003  1.7539091099999999  3.5077993599999999 
    1   8.1742847199999993  2.1283162400000002  7.1736801600000000 
    8   8.9426839699999991  2.5767848199999999 11.4399259999999998 
    8   6.7450881999999996  1.3074543500000000  7.7791592500000002 
    1   9.7545220700000002  2.1428678900000002 11.1016736900000001 
    1   5.9310948400000001  1.7473778099999999  7.4463632799999999 
    1   8.9631366799999999  3.5064547400000001 11.1018063799999993 
    1   6.7168383100000000  0.3758763600000000  7.4421790100000003 
    8   6.7012520499999999  1.2901183899999999 10.5377608499999997 
    8   8.9784725900000009  2.6030243199999998 14.1917807699999994 
    1   6.7242350200000001  1.2985192100000000  9.5447974200000001 
    1   8.9602341600000006  2.5923892400000002 13.2049097199999999 
    1   7.5113368600000001  1.7511125500000000 10.8315955000000006 
    1   8.1696440399999997  2.1349996600000001 14.4916764199999992 
    8  11.1779808299999992  6.4659836400000001  4.1188394600000002 
    8   8.9794917800000000  5.1914509600000001  0.4602683700000000 
    1  11.9865334099999998  6.0178822299999997  3.7839235100000002 
    1   8.1710425799999999  5.6287720800000001  0.1238046000000000 
    1  11.1968568200000007  7.3885905599999999  3.7774066400000001 
    1   8.9542494399999999  4.2658731999999997  0.1250776900000000 
    8   8.9405456599999997  5.1670328500000000  3.2152105799999999 
    8  11.2219862500000005  6.4842957500000002  6.8651983999999997 
    1   8.9582276299999997  5.1739706200000004  2.2227815799999999 
    1  11.2088348300000007  6.4718529699999996  5.8860754300000000 
    1   9.7522608500000008  5.6329432800000001  3.5125857599999999 
    1  10.4093529999999994  6.0147187500000001  7.1693809300000000 
    8  11.1849548300000006  6.4666299800000004 11.4438536299999996 
    8   8.9845497800000000  5.1819253500000002  7.7834800700000004 
    1  11.9907596900000009  6.0171818000000004 11.1038785299999994 
    1   8.1685117199999997  5.6307850500000001  7.4384128000000000 
    1  11.2071758799999994  7.3896401999999997 11.1065291899999998 
    1   8.9600403899999996  4.2711652300000003  7.4449667699999997 
    8   8.9411822500000007  5.1744024499999997 10.5302871800000002 
    8  11.2183726900000007  6.4816013699999999 14.1893274300000005 
    1   8.9600066799999993  5.1771764400000002  9.5493995300000005 
    1  11.2045047199999992  6.4734863999999996 13.2019071700000001 
    1   9.7540083800000001  5.6323844300000001 10.8269041799999997 
    1  10.4117324000000000  6.0136017300000004 14.4917718600000001 
