 3  1  1 E -0.0E+0 DE 0.0E+0( 1) 
 8.96536240000000006E+00 0.00000000000000000E+00 0.00000000000000000E+00 
 4.47614728695973607E+00 7.76800028506544038E+00 0.00000000000000000E+00 
 0.00000000000000000E+00 0.00000000000000000E+00 1.46387584600000000E+01 
  1 
 1.00000000000000000E+00 0.00000000000000000E+00 0.00000000000000000E+00 
 0.00000000000000000E+00 1.00000000000000000E+00 0.00000000000000000E+00 
 0.00000000000000000E+00 0.00000000000000000E+00 1.00000000000000000E+00 
 0.00000000000000000E+00 0.00000000000000000E+00 0.00000000000000000E+00 
       96 
    8   4.4610432199999996  2.5800266299999999  4.1275965299999999 
    8   2.2592811400000001  1.3055049599999999  0.4619624500000000 
    1   5.2667933700000003  2.1340223200000001  3.7865576100000000 
    1   1.4484976300000001  1.7475904400000000  0.1294778500000000 
    1   4.4784261100000000  3.5017381500000000  3.7819887900000002 
    1   2.2331873299999998  0.3761694100000000  0.1267797100000000 
    8   2.2184702000000001  1.2817433400000000  3.2117804799999998 
    8   4.4976159999999998  2.6057757800000001  6.8700578500000002 
    1   2.2338435900000002  1.2905049799999999  2.2264075900000000 
    1   4.4814058000000001  2.5894195700000000  5.8911830700000003 
    1   3.0389465300000000  1.7540777500000000  3.5118266800000000 
    1   3.6888867799999998  2.1312421399999999  7.1643370900000001 
    8   4.4603565700000001  2.5759056000000000 11.4398459799999994 
    8   2.2617219700000000  1.3091792900000001  7.7781886199999999 
    1   5.2738615800000002  2.1344756500000002 11.0979873199999997 
    1   1.4429611700000000  1.7490639299999999  7.4385974600000004 
    1   4.4845844699999997  3.5031581599999999 11.1048869999999997 
    1   2.2374043700000001  0.3822589000000000  7.4454399400000000 
    8   2.2229730299999999  1.2794678799999999 10.5272495799999994 
    8   4.4994648200000000  2.6044460200000001 14.1828921200000000 
    1   2.2424722500000001  1.2953625300000000  9.5416587400000008 
    1   4.4758987899999996  2.5903428300000000 13.2062347500000001 
    1   3.0334892700000000  1.7540969600000000 10.8259387900000004 
    1   3.6878351500000002  2.1344926399999999 14.4902745599999996 
    8   6.7069012299999997  6.4642707000000001  4.1274820200000004 
    8   4.4995059800000003  5.1855267300000003  0.4622759600000000 
    1   7.5084855900000003  6.0172800700000000  3.7873805100000002 
    1   3.6858511400000000  5.6305073500000002  0.1212116100000000 
    1   6.7188177099999997  7.3876685000000002  3.7909498600000000 
    1   4.4792887900000000  4.2660314499999998  0.1271942100000000 
    8   4.4584498300000002  5.1712977000000002  3.2110173000000000 
    8   6.7342533700000002  6.4875003099999997  6.8672450500000002 
    1   4.4803240600000001  5.1810382199999996  2.2261748200000002 
    1   6.7236777700000001  6.4764245100000002  5.8789743100000003 
    1   5.2675538199999998  5.6352420399999996  3.5060456699999998 
    1   5.9225017400000004  6.0115104400000003  7.1726270699999999 
    8   6.7010206400000003  6.4655508700000004 11.4402363800000000 
    8   4.5035438200000000  5.1911920599999997  7.7811743099999999 
    1   7.5086348799999998  6.0227994300000001 11.1022864600000002 
    1   3.6904009300000000  5.6351320300000003  7.4417938000000001 
    1   6.7191102999999996  7.3868966299999999 11.1064448200000001 
    1   4.4758953100000003  4.2623797999999997  7.4406225499999996 
    8   4.4625733700000003  5.1617442100000002 10.5305957800000005 
    8   6.7416214600000002  6.4880006000000003 14.1900267099999997 
    1   4.4775447000000002  5.1814071300000002  9.5451142400000002 
    1   6.7110184700000000  6.4727542500000004 13.2062301200000007 
    1   5.2672391400000000  5.6352574000000004 10.8258500299999998 
    1   5.9309120499999999  6.0144735300000001 14.4925108199999997 
    8   8.9417954900000005  2.5799704700000001  4.1218272300000001 
    8   6.7429546199999999  1.3056190500000000  0.4656067900000000 
    1   9.7620448999999994  2.1357557800000002  3.7872519699999998 
    1   5.9317360199999998  1.7515779100000000  0.1299400400000000 
    1   8.9649219900000006  3.5025841600000001  3.7875233200000000 
    1   6.7179927900000003  0.3860350200000000  0.1247236200000000 
    8   6.7039838999999999  1.2775188500000001  3.2097712199999999 
    8   8.9843675300000001  2.5974590700000002  6.8706873300000000 
    1   6.7244353700000001  1.2913884700000000  2.2305203900000001 
    1   8.9624197799999994  2.5917118800000001  5.8839084100000001 
    1   7.5196887400000003  1.7485129200000000  3.5093860299999999 
    1   8.1731390000000008  2.1323870899999999  7.1748599000000004 
    8   8.9460242099999991  2.5793229200000001 11.4363530400000002 
    8   6.7439267400000000  1.3013713600000001  7.7835014200000003 
    1   9.7523451699999999  2.1328917999999999 11.0988655499999993 
    1   5.9276604300000004  1.7432663100000001  7.4420314599999999 
    1   8.9632496300000000  3.4989600599999999 11.1071701899999997 
    1   6.7161329099999998  0.3789870200000000  7.4412999900000001 
    8   6.7029416800000003  1.2778883700000001 10.5292428400000002 
    8   8.9799818400000007  2.6037247099999998 14.1831866400000006 
    1   6.7132262799999998  1.2954627400000001  9.5480940699999994 
    1   8.9654709799999992  2.5926505600000000 13.2027585100000007 
    1   7.5169427600000001  1.7488603500000000 10.8272668099999994 
    1   8.1687838100000008  2.1334895199999999 14.4940041300000004 
    8  11.1815395899999999  6.4616697299999997  4.1236183999999998 
    8   8.9810487200000004  5.1898751399999998  0.4577057400000000 
    1  11.9848957600000006  6.0188313899999999  3.7808795700000002 
    1   8.1669446299999997  5.6301247500000002  0.1231682200000000 
    1  11.2088186299999997  7.3838844999999997  3.7831435299999998 
    1   8.9565038500000007  4.2585332800000000  0.1219806600000000 
    8   8.9401126800000004  5.1637281699999997  3.2114610600000000 
    8  11.2172309400000003  6.4841664999999997  6.8732441399999997 
    1   8.9640377600000001  5.1724775300000001  2.2235068199999999 
    1  11.2007874399999992  6.4754823000000004  5.8815243400000004 
    1   9.7529076900000007  5.6402995100000002  3.5146953200000000 
    1  10.4077152900000005  6.0154625800000003  7.1685116000000004 
    8  11.1843118599999993  6.4592135199999996 11.4431273999999998 
    8   8.9790346099999994  5.1871438400000001  7.7744227300000004 
    1  11.9972795800000007  6.0154976199999997 11.1032262599999996 
    1   8.1666973600000006  5.6305974100000000  7.4412366800000003 
    1  11.2058692999999998  7.3829874699999998 11.1053286100000008 
    1   8.9571631600000003  4.2648875000000004  7.4483300400000001 
    8   8.9402957999999995  5.1670442500000000 10.5322331299999998 
    8  11.2218609899999997  6.4825087600000000 14.1896783600000003 
    1   8.9633720199999996  5.1797912000000004  9.5437580999999998 
    1  11.2055738100000006  6.4697293800000004 13.1991809000000000 
    1   9.7522696100000008  5.6387861800000003 10.8242283799999992 
    1  10.4059443199999997  6.0143635599999996 14.4849294299999993 
