 3  1  1 E -0.0E+0 DE 0.0E+0( 1) 
 8.96536240000000006E+00 0.00000000000000000E+00 0.00000000000000000E+00 
 4.47614728695973607E+00 7.76800028506544038E+00 0.00000000000000000E+00 
 0.00000000000000000E+00 0.00000000000000000E+00 1.46387584600000000E+01 
  1 
 1.00000000000000000E+00 0.00000000000000000E+00 0.00000000000000000E+00 
 0.00000000000000000E+00 1.00000000000000000E+00 0.00000000000000000E+00 
 0.00000000000000000E+00 0.00000000000000000E+00 1.00000000000000000E+00 
 0.00000000000000000E+00 0.00000000000000000E+00 0.00000000000000000E+00 
       96 
    8   4.4621655599999999  2.5762942099999999  4.1240233300000000 
    8   2.2587947300000000  1.3017330899999999  0.4596784900000000 
    1   5.2770025299999999  2.1324185199999999  3.7824758300000001 
    1   1.4475134100000000  1.7466775200000000  0.1201431700000000 
    1   4.4852106200000001  3.4993596000000000  3.7819647299999999 
    1   2.2338868399999998  0.3806020400000000  0.1241016600000000 
    8   2.2175850499999998  1.2823125300000000  3.2096321099999998 
    8   4.5047703500000003  2.5998372500000002  6.8662856400000001 
    1   2.2381446299999999  1.2975541200000000  2.2215539999999998 
    1   4.4814514699999997  2.5913052599999999  5.8813190799999999 
    1   3.0392595800000000  1.7482328899999999  3.5076015300000001 
    1   3.6908501700000000  2.1323307200000001  7.1668275100000001 
    8   4.4588728299999998  2.5762340300000002 11.4399186999999998 
    8   2.2568256199999999  1.3091021599999999  7.7864029600000002 
    1   5.2795816100000001  2.1357928700000000 11.1037912500000004 
    1   1.4459576100000000  1.7507312399999999  7.4437282700000003 
    1   4.4792177000000004  3.4991064600000001 11.1087101199999996 
    1   2.2350361200000002  0.3775816000000000  7.4464699799999998 
    8   2.2242111800000002  1.2822081599999999 10.5310077399999997 
    8   4.5043360000000003  2.5976100600000001 14.1867443000000009 
    1   2.2408473999999998  1.3002056099999999  9.5473460200000009 
    1   4.4766557899999997  2.5896938999999999 13.2053636500000007 
    1   3.0343232800000002  1.7581218199999999 10.8330854999999993 
    1   3.6842704099999999  2.1317191700000002 14.4900573900000005 
    8   6.7034144700000002  6.4620518999999996  4.1196507000000002 
    8   4.4979581399999997  5.1882571300000002  0.4577600100000000 
    1   7.5071527199999997  6.0225489500000000  3.7905801299999999 
    1   3.6905073900000001  5.6306345400000000  0.1261593000000000 
    1   6.7188262800000000  7.3831852500000004  3.7858019700000001 
    1   4.4691223600000001  4.2651732300000003  0.1196319300000000 
    8   4.4602213400000004  5.1683998600000001  3.2048677200000002 
    8   6.7361148699999998  6.4778832199999998  6.8725888900000003 
    1   4.4803615499999996  5.1771496700000004  2.2298214600000001 
    1   6.7175257100000003  6.4723609000000000  5.8815818399999999 
    1   5.2703889100000003  5.6397887700000000  3.5069768200000002 
    1   5.9227657799999998  6.0187765700000000  7.1717948399999996 
    8   6.6976895100000000  6.4550891600000000 11.4469301899999998 
    8   4.4942209899999996  5.1928872899999998  7.7855310400000004 
    1   7.5077801500000003  6.0128964900000001 11.1011073400000004 
    1   3.6878667799999998  5.6288090500000001  7.4406496600000001 
    1   6.7179919699999999  7.3881154200000001 11.0993402700000008 
    1   4.4732369600000004  4.2667829700000004  7.4382860800000001 
    8   4.4610164599999997  5.1655053500000001 10.5250685799999992 
    8   6.7368572899999997  6.4850288200000001 14.1868394000000002 
    1   4.4791076700000003  5.1834595999999999  9.5513887900000007 
    1   6.7204703200000004  6.4691251500000000 13.2044794200000002 
    1   5.2710512500000002  5.6383362300000002 10.8292011699999993 
    1   5.9244988000000003  6.0157302799999997 14.4924123799999993 
    8   8.9455557399999996  2.5766598400000000  4.1236489900000004 
    8   6.7401204400000001  1.3055948600000000  0.4666459600000000 
    1   9.7539352200000007  2.1399995500000002  3.7869538700000001 
    1   5.9305237799999997  1.7497409900000001  0.1252540500000000 
    1   8.9651512400000009  3.4987147400000000  3.7860883300000001 
    1   6.7184230200000004  0.3840233800000000  0.1284490500000000 
    8   6.7058387899999996  1.2891315200000000  3.2153350100000000 
    8   8.9881778499999996  2.5951124499999998  6.8669601900000004 
    1   6.7262253599999999  1.2953601400000001  2.2238952300000001 
    1   8.9663070900000008  2.5900181099999999  5.8816998500000004 
    1   7.5181510300000003  1.7500398800000001  3.5106563700000000 
    1   8.1714812400000003  2.1329537500000000  7.1705817600000001 
    8   8.9468446700000008  2.5849973700000000 11.4369230999999996 
    8   6.7416829099999998  1.3078231800000000  7.7832592900000002 
    1   9.7553467000000005  2.1340477999999998 11.1024725199999992 
    1   5.9270936799999996  1.7477829199999999  7.4459165299999999 
    1   8.9620046000000002  3.5060954600000001 11.0981623299999992 
    1   6.7154762600000000  0.3795801200000000  7.4443289100000003 
    8   6.7020465700000003  1.2831615599999999 10.5333225499999994 
    8   8.9789184199999994  2.6012484900000001 14.1893762199999998 
    1   6.7224462300000001  1.2949891600000001  9.5430769000000009 
    1   8.9696551400000004  2.5876256700000000 13.2059752199999991 
    1   7.5154043399999999  1.7499623300000000 10.8257100299999998 
    1   8.1749187299999999  2.1338122400000001 14.4904019999999996 
    8  11.1784951699999997  6.4643334100000001  4.1268072699999996 
    8   8.9809271299999995  5.1946226199999996  0.4628157100000000 
    1  11.9926215299999992  6.0139179599999997  3.7832112200000001 
    1   8.1717017799999994  5.6282321599999996  0.1214278700000000 
    1  11.2023777500000001  7.3847768299999998  3.7881209500000002 
    1   8.9619287199999995  4.2695922099999999  0.1251982900000000 
    8   8.9446608699999999  5.1683195700000004  3.2093362100000000 
    8  11.2218071599999991  6.4838640500000002  6.8674959400000004 
    1   8.9649588399999995  5.1767104599999998  2.2245935299999999 
    1  11.2047882199999993  6.4742346399999997  5.8861064900000004 
    1   9.7494296100000000  5.6363975100000001  3.5135376400000000 
    1  10.4075773399999996  6.0168329099999998  7.1711818000000003 
    8  11.1805070000000004  6.4644571700000002 11.4427038799999998 
    8   8.9806700799999994  5.1880123800000000  7.7791587199999999 
    1  11.9978755300000000  6.0191431499999997 11.1071966199999999 
    1   8.1699249199999997  5.6339274200000000  7.4423127899999999 
    1  11.1951823600000004  7.3865103999999997 11.1028500399999999 
    1   8.9554509899999992  4.2629159200000002  7.4425235599999997 
    8   8.9423232899999991  5.1708015999999999 10.5314273899999993 
    8  11.2208641900000003  6.4859950000000000 14.1912921399999998 
    1   8.9614054999999997  5.1800795700000002  9.5426248900000008 
    1  11.2008883800000003  6.4697365800000002 13.2019838899999993 
    1   9.7558277499999999  5.6390194100000004 10.8261973699999992 
    1  10.4085232100000002  6.0193285500000000 14.4906059700000007 
