 3  1  1 E -0.0E+0 DE 0.0E+0( 1) 
 8.96536240000000006E+00 0.00000000000000000E+00 0.00000000000000000E+00 
 4.47614728695973607E+00 7.76800028506544038E+00 0.00000000000000000E+00 
 0.00000000000000000E+00 0.00000000000000000E+00 1.46387584600000000E+01 
  1 
 1.00000000000000000E+00 0.00000000000000000E+00 0.00000000000000000E+00 
 0.00000000000000000E+00 1.00000000000000000E+00 0.00000000000000000E+00 
 0.00000000000000000E+00 0.00000000000000000E+00 1.00000000000000000E+00 
 0.00000000000000000E+00 0.00000000000000000E+00 0.00000000000000000E+00 
       96 
    8   4.4633896300000000  2.5819266500000002  4.1285481500000003 
    8   2.2613045700000001  1.3116381200000000  0.4611339000000000 
    1   5.2780503599999999  2.1399986200000001  3.7771115000000002 
    1   1.4492281499999999  1.7480432299999999  0.1285786400000000 
    1   4.4816150099999996  3.5004120699999999  3.7877727399999999 
    1   2.2369614400000000  0.3840670500000000  0.1303838000000000 
    8   2.2207700199999998  1.2824408700000001  3.2139911400000001 
    8   4.4999174699999998  2.6002631699999998  6.8680433499999998 
    1   2.2423480800000002  1.2931572800000000  2.2311875300000001 
    1   4.4756468600000003  2.5920301000000001  5.8832695099999999 
    1   3.0299509300000000  1.7566459100000000  3.5095422799999998 
    1   3.6861096500000001  2.1301382100000001  7.1706351200000000 
    8   4.4640611999999997  2.5817540600000002 11.4424507900000005 
    8   2.2617351399999999  1.2987608600000000  7.7758361200000001 
    1   5.2725564199999999  2.1440830300000000 11.1008881899999992 
    1   1.4446936399999999  1.7496495700000001  7.4387407100000003 
    1   4.4830327900000002  3.4982267500000002 11.1052001800000006 
    1   2.2356833400000000  0.3806179400000000  7.4436308899999997 
    8   2.2197977700000000  1.2802015300000000 10.5233980799999998 
    8   4.4988739100000004  2.5964869500000001 14.1905034899999993 
    1   2.2418167499999999  1.2947863300000000  9.5461241599999997 
    1   4.4772226200000000  2.5958718300000001 13.2050613099999996 
    1   3.0331111499999999  1.7541700300000000 10.8301302699999997 
    1   3.6903164899999998  2.1274421600000002 14.4839814199999992 
    8   6.7050747099999999  6.4619072800000001  4.1291127000000003 
    8   4.4958273100000001  5.1879762400000002  0.4642544300000000 
    1   7.5125068199999996  6.0194814799999996  3.7824387000000002 
    1   3.6902245499999999  5.6368491000000001  0.1308737600000000 
    1   6.7198891600000001  7.3875201800000001  3.7868628599999998 
    1   4.4768328700000000  4.2713404099999996  0.1235877900000000 
    8   4.4487448799999996  5.1667611100000004  3.2073206999999999 
    8   6.7358501000000004  6.4847596000000003  6.8691548100000004 
    1   4.4760113900000000  5.1799317399999998  2.2263369599999998 
    1   6.7159089900000000  6.4735895599999997  5.8844358699999999 
    1   5.2703215300000004  5.6416689900000003  3.5084788100000002 
    1   5.9274624700000000  6.0148154500000004  7.1783287600000003 
    8   6.6999811400000002  6.4628742099999998 11.4345841600000000 
    8   4.4922852200000003  5.1893263999999997  7.7857135000000000 
    1   7.5111051199999999  6.0174931699999998 11.1059235600000008 
    1   3.6853094899999999  5.6310476500000002  7.4458680800000003 
    1   6.7264284200000004  7.3896263099999997 11.1025876399999994 
    1   4.4760440800000003  4.2617938700000000  7.4454732899999998 
    8   4.4584284099999998  5.1721595200000001 10.5265528899999996 
    8   6.7375275500000003  6.4855454899999998 14.1883091900000000 
    1   4.4720088400000000  5.1786481200000001  9.5416138999999998 
    1   6.7201436899999996  6.4714905199999997 13.2093179400000000 
    1   5.2698456499999997  5.6317351999999996 10.8305798000000006 
    1   5.9285001700000004  6.0114653699999998 14.4894132700000000 
    8   8.9468145000000003  2.5780521900000002  4.1236772600000000 
    8   6.7374177599999996  1.3037499299999999  0.4615545500000000 
    1   9.7502401800000005  2.1392759400000001  3.7858542499999999 
    1   5.9341590200000001  1.7502120600000000  0.1208204900000000 
    1   8.9685551300000004  3.4990549999999998  3.7818620100000002 
    1   6.7195060499999997  0.3815121000000000  0.1271197500000000 
    8   6.7012523300000000  1.2849343000000000  3.2061611700000001 
    8   8.9825210200000001  2.6012519099999998  6.8720773199999998 
    1   6.7203997800000002  1.2886059299999999  2.2308568300000000 
    1   8.9646180300000005  2.5874002500000000  5.8881778599999999 
    1   7.5115381200000000  1.7572814100000000  3.5043843400000001 
    1   8.1751877600000000  2.1355953599999999  7.1751968699999997 
    8   8.9436758899999997  2.5801000900000002 11.4423707599999993 
    8   6.7406053200000002  1.3054191900000001  7.7824651500000002 
    1   9.7589427499999992  2.1367991499999999 11.1059130899999996 
    1   5.9263740800000004  1.7397552900000000  7.4455400100000002 
    1   8.9676564499999998  3.5001762300000001 11.1032591899999993 
    1   6.7156217600000003  0.3783949600000000  7.4438508099999998 
    8   6.7032515300000002  1.2856847199999999 10.5314758000000008 
    8   8.9855258500000001  2.6006572999999999 14.1872831300000009 
    1   6.7227207499999997  1.2920460300000001  9.5431553099999995 
    1   8.9619136000000008  2.5873393999999998 13.2075720899999993 
    1   7.5144215100000000  1.7498161699999999 10.8301558100000008 
    1   8.1748536800000000  2.1352998400000001 14.4925590000000000 
    8  11.1814453500000006  6.4593817800000002  4.1224348800000001 
    8   8.9696162499999996  5.1932637399999999  0.4662898300000000 
    1  11.9944154899999997  6.0232546500000002  3.7810052100000000 
    1   8.1714442300000005  5.6376719399999997  0.1263309500000000 
    1  11.2014904699999995  7.3820908200000002  3.7827698500000002 
    1   8.9584760600000006  4.2646418099999996  0.1279377000000000 
    8   8.9438613300000007  5.1672714099999997  3.2088165200000001 
    8  11.2226105900000004  6.4846153299999996  6.8715714600000002 
    1   8.9531700700000005  5.1809123000000001  2.2253978999999999 
    1  11.2006248799999995  6.4676749500000001  5.8849075199999996 
    1   9.7498951799999993  5.6313923299999997  3.5087592100000000 
    1  10.4080987799999996  6.0208692199999998  7.1682113699999999 
    8  11.1815779699999993  6.4627641400000000 11.4402697000000000 
    8   8.9851883000000008  5.1902786299999999  7.7794757099999998 
    1  11.9953021399999997  6.0204484200000001 11.1006172099999993 
    1   8.1655185400000008  5.6309371099999996  7.4383269700000003 
    1  11.2069797399999995  7.3824574800000002 11.0990743100000007 
    1   8.9634534200000004  4.2643835699999997  7.4414554099999997 
    8   8.9447313299999998  5.1658510499999997 10.5329217199999992 
    8  11.2209017899999992  6.4820238600000000 14.1879438400000009 
    1   8.9609378300000007  5.1805428700000000  9.5460145700000005 
    1  11.1990427599999993  6.4745812500000000 13.2039845899999992 
    1   9.7575022300000001  5.6399533899999996 10.8245639800000006 
    1  10.4115666999999998  6.0189311300000004 14.4924741000000008 
