 3  1  1 E -0.0E+0 DE 0.0E+0( 1) 
 8.96536240000000006E+00 0.00000000000000000E+00 0.00000000000000000E+00 
 4.47614728695973607E+00 7.76800028506544038E+00 0.00000000000000000E+00 
 0.00000000000000000E+00 0.00000000000000000E+00 1.46387584600000000E+01 
  1 
 1.00000000000000000E+00 0.00000000000000000E+00 0.00000000000000000E+00 
 0.00000000000000000E+00 1.00000000000000000E+00 0.00000000000000000E+00 
 0.00000000000000000E+00 0.00000000000000000E+00 1.00000000000000000E+00 
 0.00000000000000000E+00 0.00000000000000000E+00 0.00000000000000000E+00 
       96 
    8   4.4621329300000001  2.5765719800000002  4.1232100100000002 
    8   2.2577140000000000  1.3048519500000000  0.4630968900000000 
    1   5.2682810299999998  2.1404725000000000  3.7827511000000000 
    1   1.4445724700000000  1.7459313000000001  0.1213881000000000 
    1   4.4859946199999996  3.5028099500000001  3.7856410100000000 
    1   2.2396206699999999  0.3854768900000000  0.1221633500000000 
    8   2.2178441200000001  1.2860745400000000  3.2152688199999999 
    8   4.4949119900000003  2.6067852299999998  6.8666460400000000 
    1   2.2371910000000002  1.3005961500000001  2.2249946500000002 
    1   4.4809047599999996  2.5903195200000000  5.8875198600000003 
    1   3.0275675500000001  1.7467790700000001  3.5144133300000000 
    1   3.6856330499999999  2.1281708899999998  7.1663488700000002 
    8   4.4622320400000000  2.5825325700000001 11.4383677499999994 
    8   2.2593488399999999  1.3077972300000000  7.7852044300000003 
    1   5.2758230199999998  2.1349211399999999 11.1030810100000004 
    1   1.4459262300000000  1.7504506600000000  7.4439244100000002 
    1   4.4845347599999998  3.4951479900000000 11.1044257799999997 
    1   2.2375877100000001  0.3803167500000000  7.4391566899999999 
    8   2.2189835900000001  1.2871665200000000 10.5309997699999993 
    8   4.5000143699999997  2.5990202500000001 14.1814087700000009 
    1   2.2343690199999999  1.2987239200000000  9.5445780100000004 
    1   4.4798385300000003  2.5879432100000002 13.2077416900000006 
    1   3.0243360199999998  1.7564856400000000 10.8348657599999996 
    1   3.6947553200000001  2.1298820100000002 14.4965715300000006 
    8   6.7026998700000000  6.4620559799999997  4.1234374799999998 
    8   4.4956578800000004  5.1911176200000000  0.4647360700000000 
    1   7.5118392700000003  6.0192755000000000  3.7867278000000000 
    1   3.6898176700000000  5.6348063799999997  0.1149905400000000 
    1   6.7193474200000001  7.3842253299999996  3.7868994699999998 
    1   4.4757377500000004  4.2665049100000001  0.1259957200000000 
    8   4.4557991399999999  5.1687156600000002  3.2123100099999999 
    8   6.7338489399999997  6.4883581799999996  6.8686945100000001 
    1   4.4782337900000000  5.1775361100000001  2.2184148700000001 
    1   6.7209608500000000  6.4627251599999997  5.8835032600000003 
    1   5.2705227399999997  5.6349366400000003  3.5111395000000001 
    1   5.9269273399999998  6.0129567399999999  7.1721346900000000 
    8   6.6979353399999999  6.4637107599999997 11.4463463500000007 
    8   4.4987479500000003  5.1887433400000003  7.7862692999999998 
    1   7.5083492800000000  6.0188214699999998 11.1041822900000007 
    1   3.6871579699999999  5.6336412800000000  7.4352546400000001 
    1   6.7203791700000002  7.3830023200000001 11.0984204999999996 
    1   4.4769984899999997  4.2672812799999997  7.4396580800000001 
    8   4.4621803000000000  5.1673825400000002 10.5300750900000004 
    8   6.7380733399999997  6.4807185199999999 14.1848205800000002 
    1   4.4808547200000000  5.1773875499999997  9.5444384600000003 
    1   6.7211059899999999  6.4796451599999996 13.2068188099999997 
    1   5.2704665999999998  5.6334952800000000 10.8306222299999995 
    1   5.9262724499999999  6.0112665200000004 14.4892366900000003 
    8   8.9481850299999994  2.5757045100000000  4.1193581100000003 
    8   6.7405605000000000  1.3025430899999999  0.4632997000000000 
    1   9.7537423000000008  2.1359982700000000  3.7814729400000000 
    1   5.9292392800000000  1.7446547800000001  0.1264548500000000 
    1   8.9627276699999996  3.5017700600000001  3.7861047800000001 
    1   6.7204950999999999  0.3790273200000000  0.1192813100000000 
    8   6.7055197900000003  1.2795135600000000  3.2054834300000001 
    8   8.9878317400000007  2.5991648999999999  6.8688786200000003 
    1   6.7216232700000003  1.2930125400000001  2.2236708200000002 
    1   8.9622173099999998  2.5881735099999998  5.8864320100000000 
    1   7.5165265200000002  1.7534430100000000  3.5115824199999999 
    1   8.1713825999999994  2.1278109100000000  7.1711596399999999 
    8   8.9480221899999997  2.5818667099999999 11.4432107799999994 
    8   6.7413155199999997  1.3111194500000001  7.7834808999999998 
    1   9.7588092700000004  2.1369525500000002 11.1069947700000000 
    1   5.9332773100000002  1.7555316800000000  7.4389529300000001 
    1   8.9686898500000005  3.5060547799999999 11.1044091599999994 
    1   6.7163219900000000  0.3850334400000000  7.4433514299999999 
    8   6.7051964699999997  1.2803940500000000 10.5327396899999997 
    8   8.9825102900000005  2.6063572000000002 14.1917371299999999 
    1   6.7215307700000002  1.2985339899999999  9.5474950100000004 
    1   8.9647053400000001  2.5911735899999999 13.2062354899999992 
    1   7.5132643300000002  1.7534764000000000 10.8314628200000005 
    1   8.1659196699999992  2.1314894299999998 14.4893831599999992 
    8  11.1839324900000001  6.4632477599999998  4.1237679399999996 
    8   8.9829297900000000  5.1861562399999999  0.4604987100000000 
    1  11.9869326699999998  6.0202802399999999  3.7820404100000000 
    1   8.1703761999999998  5.6343878500000004  0.1246758300000000 
    1  11.2043721699999992  7.3881104000000004  3.7828344899999999 
    1   8.9605664300000001  4.2668652199999997  0.1180233200000000 
    8   8.9410105400000006  5.1653135099999998  3.2071822399999999 
    8  11.2192726500000006  6.4834882900000004  6.8720789000000000 
    1   8.9571107500000000  5.1902029299999999  2.2295058900000000 
    1  11.1944575600000000  6.4766878300000004  5.8837598199999999 
    1   9.7473322099999997  5.6389024499999998  3.5148894199999998 
    1  10.4076336099999995  6.0177201000000000  7.1653207300000004 
    8  11.1817087100000006  6.4637115100000004 11.4494025700000002 
    8   8.9775662999999994  5.1891020100000000  7.7805370800000002 
    1  11.9947468599999993  6.0245588699999999 11.1040196400000006 
    1   8.1683111299999993  5.6330014500000001  7.4436121899999996 
    1  11.2005138399999993  7.3849118599999999 11.0965988800000002 
    1   8.9604982100000008  4.2670261099999998  7.4404723700000002 
    8   8.9438722800000008  5.1691953799999997 10.5294921099999996 
    8  11.2227451800000004  6.4792197099999997 14.1921430399999995 
    1   8.9599035400000009  5.1797082200000002  9.5450476299999991 
    1  11.1963194000000001  6.4678957900000000 13.2066576799999993 
    1   9.7562204399999999  5.6363096500000003 10.8305528199999994 
    1  10.4038368899999991  6.0092017899999997 14.4906134400000006 
