 3  1  1 E -0.0E+0 DE 0.0E+0( 1) 
 8.96536240000000006E+00 0.00000000000000000E+00 0.00000000000000000E+00 
 4.47614728695973607E+00 7.76800028506544038E+00 0.00000000000000000E+00 
 0.00000000000000000E+00 0.00000000000000000E+00 1.46387584600000000E+01 
  1 
 1.00000000000000000E+00 0.00000000000000000E+00 0.00000000000000000E+00 
 0.00000000000000000E+00 1.00000000000000000E+00 0.00000000000000000E+00 
 0.00000000000000000E+00 0.00000000000000000E+00 1.00000000000000000E+00 
 0.00000000000000000E+00 0.00000000000000000E+00 0.00000000000000000E+00 
       96 
    8   4.4629635299999997  2.5797127899999999  4.1253868799999998 
    8   2.2605521400000002  1.3063194300000001  0.4578913400000000 
    1   5.2729205500000003  2.1353852400000002  3.7845589799999999 
    1   1.4453976300000000  1.7466930899999999  0.1284611400000000 
    1   4.4845743200000001  3.5015487200000002  3.7831455900000002 
    1   2.2324246400000001  0.3824640700000000  0.1172081600000000 
    8   2.2173493899999999  1.2889920699999999  3.2075114899999999 
    8   4.5038884200000000  2.6014866500000000  6.8670630800000003 
    1   2.2391764900000002  1.2946004000000000  2.2282715700000000 
    1   4.4770393200000003  2.5928682400000000  5.8824185800000004 
    1   3.0361872200000000  1.7510785900000001  3.5058318700000002 
    1   3.6859711900000001  2.1279614100000002  7.1695533100000004 
    8   4.4662244199999996  2.5775313000000000 11.4415652300000001 
    8   2.2542550200000000  1.3051924200000000  7.7902034999999996 
    1   5.2719313899999998  2.1437372699999999 11.1065323700000000 
    1   1.4420156799999999  1.7438189300000000  7.4456341200000002 
    1   4.4861954900000001  3.4980601899999999 11.0999280500000008 
    1   2.2368979499999999  0.3876845000000000  7.4413943800000002 
    8   2.2223290000000002  1.2798046999999999 10.5300363499999996 
    8   4.5046499400000002  2.5975039700000000 14.1892679400000006 
    1   2.2416060799999999  1.2966783799999999  9.5463907599999995 
    1   4.4777699200000001  2.5916688200000002 13.1967609699999997 
    1   3.0264212900000000  1.7573335100000000 10.8382629900000005 
    1   3.6873408200000002  2.1279646300000001 14.4855295500000008 
    8   6.7013142999999999  6.4638082299999997  4.1207416300000004 
    8   4.4947815799999997  5.1953291600000000  0.4616493900000000 
    1   7.5079871300000001  6.0211346099999998  3.7838217200000002 
    1   3.6880783799999999  5.6346068000000002  0.1291094200000000 
    1   6.7230402900000001  7.3911640399999996  3.7892254699999999 
    1   4.4809405699999996  4.2654023299999997  0.1198289100000000 
    8   4.4643129699999999  5.1661839699999996  3.2176457900000002 
    8   6.7390260399999997  6.4805726799999999  6.8745206400000001 
    1   4.4805455199999997  5.1789708000000001  2.2241685699999998 
    1   6.7184294800000002  6.4783278800000001  5.8878462999999996 
    1   5.2714523399999997  5.6326838600000002  3.5115884099999999 
    1   5.9250863499999999  6.0183955200000003  7.1740125299999997 
    8   6.6984754700000000  6.4592437599999997 11.4474193300000007 
    8   4.4955183800000000  5.1884720299999998  7.7770737700000003 
    1   7.5144285699999998  6.0250971499999997 11.1045186299999994 
    1   3.6946326300000001  5.6315842199999997  7.4462617000000000 
    1   6.7188036799999997  7.3838642500000002 11.1086226700000008 
    1   4.4744411299999998  4.2680553500000000  7.4378942400000003 
    8   4.4565717999999999  5.1684927299999996 10.5251507100000001 
    8   6.7394442200000002  6.4846159800000001 14.1910706100000006 
    1   4.4802842199999997  5.1778979600000001  9.5457691100000002 
    1   6.7214008600000001  6.4702810099999999 13.2056437500000001 
    1   5.2705066499999997  5.6311754799999996 10.8255465900000001 
    1   5.9280799499999999  6.0103089599999997 14.4917809500000008 
    8   8.9435020499999993  2.5767974699999998  4.1245984800000004 
    8   6.7424615100000000  1.3059924599999999  0.4570628300000000 
    1   9.7581097600000000  2.1357311299999999  3.7858372000000000 
    1   5.9326826500000003  1.7471717000000000  0.1243703600000000 
    1   8.9690004999999999  3.5027566499999998  3.7809625599999999 
    1   6.7228177300000000  0.3819717500000000  0.1222783400000000 
    8   6.7063784799999997  1.2805018800000001  3.2107025100000000 
    8   8.9859687299999997  2.6013982900000001  6.8710219099999996 
    1   6.7208867000000003  1.2927053300000000  2.2311755999999998 
    1   8.9633158599999998  2.5918193500000002  5.8881954600000004 
    1   7.5078609500000004  1.7538600700000000  3.5103693900000001 
    1   8.1714854199999998  2.1327490099999999  7.1684435700000000 
    8   8.9472484399999992  2.5769663500000002 11.4391347900000007 
    8   6.7445247500000001  1.3036998600000000  7.7799088500000000 
    1   9.7594888100000006  2.1358583000000002 11.1059670399999995 
    1   5.9305522799999997  1.7491372100000000  7.4410980400000000 
    1   8.9669975799999992  3.5041883800000000 11.1024414000000000 
    1   6.7163670700000004  0.3842451000000000  7.4465522599999998 
    8   6.7071383500000001  1.2849387200000000 10.5300732099999994 
    8   8.9838157499999998  2.5985923700000000 14.1828310900000005 
    1   6.7186863900000002  1.2926469899999999  9.5470965099999994 
    1   8.9598483699999996  2.5936934900000002 13.2082923000000001 
    1   7.5186747699999996  1.7529308500000000 10.8250845899999995 
    1   8.1767426699999994  2.1319576200000001 14.4862728900000004 
    8  11.1807529599999995  6.4642838999999999  4.1159772700000001 
    8   8.9782584399999994  5.1868532900000002  0.4709795200000000 
    1  11.9952719999999999  6.0171505500000002  3.7798021199999998 
    1   8.1659278400000002  5.6342340000000002  0.1248762000000000 
    1  11.2066247000000008  7.3888150499999998  3.7814025500000001 
    1   8.9591593500000002  4.2698277700000000  0.1237244800000000 
    8   8.9437223199999991  5.1678627700000002  3.2071854900000001 
    8  11.2239983700000003  6.4836733799999999  6.8654056399999996 
    1   8.9634987099999996  5.1793404399999998  2.2282413000000001 
    1  11.2040084100000001  6.4684888999999997  5.8849258999999998 
    1   9.7536249500000007  5.6393342899999999  3.5059107599999999 
    1  10.4100505400000003  6.0141132500000003  7.1683712699999997 
    8  11.1832667499999996  6.4612732199999998 11.4482524899999998 
    8   8.9804737299999999  5.1906268700000000  7.7793050299999997 
    1  11.9932899800000001  6.0180384199999999 11.1066322599999996 
    1   8.1682202999999998  5.6303885600000001  7.4474688300000000 
    1  11.2063587099999999  7.3854441800000004 11.0969700499999995 
    1   8.9535482399999999  4.2663742300000003  7.4422944800000002 
    8   8.9433580799999994  5.1652749000000000 10.5298656299999998 
    8  11.2241641300000001  6.4769059200000001 14.1862408999999996 
    1   8.9555957700000004  5.1788938099999999  9.5431191999999996 
    1  11.1999349800000001  6.4729197899999997 13.2111625999999998 
    1   9.7491331999999993  5.6349087700000000 10.8310374199999995 
    1  10.4106131099999999  6.0224948800000000 14.4939463100000001 
