 3  1  1 E -0.0E+0 DE 0.0E+0( 1) 
 8.96536240000000006E+00 0.00000000000000000E+00 0.00000000000000000E+00 
 4.47614728695973607E+00 7.76800028506544038E+00 0.00000000000000000E+00 
 0.00000000000000000E+00 0.00000000000000000E+00 1.46387584600000000E+01 
  1 
 1.00000000000000000E+00 0.00000000000000000E+00 0.00000000000000000E+00 
 0.00000000000000000E+00 1.00000000000000000E+00 0.00000000000000000E+00 
 0.00000000000000000E+00 0.00000000000000000E+00 1.00000000000000000E+00 
 0.00000000000000000E+00 0.00000000000000000E+00 0.00000000000000000E+00 
       96 
    8   4.4676365400000000  2.5800920399999998  4.1195542700000001 
    8   2.2594120599999998  1.3032488300000000  0.4628704400000000 
    1   5.2775250600000003  2.1359044100000002  3.7811560700000002 
    1   1.4485491900000000  1.7482612900000001  0.1206289700000000 
    1   4.4879991700000001  3.4964953400000001  3.7834521600000000 
    1   2.2387099500000001  0.3773555400000000  0.1234437400000000 
    8   2.2131851299999998  1.2874659300000000  3.2032451200000001 
    8   4.4974017599999998  2.5936046300000002  6.8671430700000000 
    1   2.2420442000000000  1.2872029500000000  2.2245102900000000 
    1   4.4859808399999999  2.5897730100000000  5.8835406800000003 
    1   3.0356994099999999  1.7518695799999999  3.5090217300000002 
    1   3.6868927700000000  2.1342824899999999  7.1720007299999997 
    8   4.4608167099999996  2.5746267600000001 11.4443831899999999 
    8   2.2551703200000000  1.2950584000000001  7.7832631799999996 
    1   5.2694993200000004  2.1334009599999999 11.0988508499999998 
    1   1.4495627000000000  1.7434826500000000  7.4476923399999997 
    1   4.4905906800000004  3.5068047299999998 11.1038706900000008 
    1   2.2403082599999999  0.3825492400000000  7.4377321900000002 
    8   2.2184178700000001  1.2858310200000000 10.5295648100000001 
    8   4.5040792999999999  2.5918602900000001 14.1915280999999993 
    1   2.2420224800000002  1.2928897200000000  9.5419360300000005 
    1   4.4813985699999996  2.5835165800000000 13.2109093299999998 
    1   3.0347441300000000  1.7503588999999999 10.8350185700000008 
    1   3.6914111100000002  2.1304250499999999 14.4909554499999995 
    8   6.6970296800000000  6.4667021699999996  4.1209151799999999 
    8   4.5028453400000004  5.1909574200000002  0.4682392600000000 
    1   7.5169566200000002  6.0210213699999997  3.7820049700000000 
    1   3.6858986499999999  5.6316485700000003  0.1280076400000000 
    1   6.7217737599999996  7.3855164200000001  3.7895322500000002 
    1   4.4772239200000001  4.2653924500000002  0.1175346100000000 
    8   4.4572104699999997  5.1684875899999998  3.2101239800000001 
    8   6.7347705400000004  6.4858210600000001  6.8707973600000001 
    1   4.4808362300000004  5.1770028100000003  2.2280897899999998 
    1   6.7173929200000000  6.4719239799999997  5.8865920999999997 
    1   5.2720478300000000  5.6328564900000000  3.5103692400000002 
    1   5.9215823399999996  6.0145486000000004  7.1701741900000000 
    8   6.7033898699999996  6.4628407100000000 11.4445305499999996 
    8   4.4980175200000003  5.1886422999999997  7.7752789399999997 
    1   7.5142282700000003  6.0194866700000000 11.1051848300000007 
    1   3.6853129899999999  5.6262707000000001  7.4438027499999997 
    1   6.7179163500000003  7.3894211900000002 11.1045394500000008 
    1   4.4787517399999999  4.2632746499999996  7.4466881500000000 
    8   4.4623048499999998  5.1640587900000003 10.5300366400000005 
    8   6.7358672500000001  6.4860885699999997 14.1927838099999999 
    1   4.4811276500000004  5.1795074999999997  9.5453092599999998 
    1   6.7210028900000003  6.4747672700000001 13.2098901600000005 
    1   5.2713235300000001  5.6360519399999998 10.8294641299999999 
    1   5.9263498400000003  6.0154624800000001 14.4858863899999992 
    8   8.9418004999999994  2.5785370099999998  4.1179818199999998 
    8   6.7420044199999998  1.3073913699999999  0.4613354500000000 
    1   9.7550282599999996  2.1392859099999999  3.7852938500000000 
    1   5.9319854000000003  1.7503238299999999  0.1186709000000000 
    1   8.9674674999999997  3.5018379300000002  3.7751347300000000 
    1   6.7234574599999997  0.3852312800000000  0.1209462000000000 
    8   6.7038575500000004  1.2781355800000000  3.2096804900000002 
    8   8.9854057300000001  2.5988395999999998  6.8675118800000003 
    1   6.7202833899999996  1.2944595999999999  2.2220872100000002 
    1   8.9647283499999997  2.5907810400000000  5.8845688999999997 
    1   7.5126913699999998  1.7516566700000000  3.5105628200000001 
    1   8.1708075499999993  2.1310532200000001  7.1699161100000000 
    8   8.9410307899999992  2.5760176499999998 11.4389912000000002 
    8   6.7392895700000004  1.3091628600000000  7.7757781100000001 
    1   9.7586449300000009  2.1374781199999999 11.1020698000000007 
    1   5.9242622500000000  1.7416468700000001  7.4411446600000000 
    1   8.9684459899999993  3.5026139800000000 11.1055377199999992 
    1   6.7156076999999996  0.3840511900000000  7.4454974299999996 
    8   6.7032179000000003  1.2867214300000001 10.5288496699999996 
    8   8.9865302800000002  2.6029745800000001 14.1953747799999999 
    1   6.7167898499999996  1.2980592399999999  9.5449915300000008 
    1   8.9638430200000005  2.5964565500000001 13.2036723899999995 
    1   7.5159259599999997  1.7517326300000000 10.8282565099999992 
    1   8.1670908000000004  2.1327594400000001 14.4901902499999995 
    8  11.1739215099999996  6.4615486899999999  4.1192010100000003 
    8   8.9801629900000002  5.1878758400000002  0.4711529500000000 
    1  11.9940534799999998  6.0185118800000001  3.7784066200000002 
    1   8.1676097300000006  5.6333138099999998  0.1246388000000000 
    1  11.2062782399999996  7.3885161100000003  3.7917189400000000 
    1   8.9588736400000002  4.2617122299999997  0.1256053400000000 
    8   8.9434162900000000  5.1651162900000003  3.2129608599999999 
    8  11.2182749299999998  6.4885002600000004  6.8711583699999998 
    1   8.9582789900000002  5.1729908299999998  2.2232153800000001 
    1  11.1996456999999996  6.4742164300000002  5.8861886600000002 
    1   9.7505271800000006  5.6325104100000001  3.5092387299999999 
    1  10.4071799800000004  6.0141048000000001  7.1726758700000000 
    8  11.1839237899999997  6.4587144299999997 11.4443112100000004 
    8   8.9793957100000004  5.1867737900000002  7.7852077700000004 
    1  11.9946435400000002  6.0171605100000001 11.1052830399999998 
    1   8.1683631900000009  5.6363163199999997  7.4492748300000002 
    1  11.2067755200000008  7.3814389699999996 11.1013394800000000 
    1   8.9609143699999994  4.2675293900000000  7.4448030300000001 
    8   8.9369221999999997  5.1655299799999996 10.5332204800000007 
    8  11.2221298300000001  6.4778559400000004 14.1903122400000008 
    1   8.9606468100000001  5.1781403700000004  9.5454399700000003 
    1  11.2049823899999996  6.4634503700000003 13.2098815700000003 
    1   9.7492847200000003  5.6391279499999998 10.8337920800000003 
    1  10.4105211600000001  6.0147514900000001 14.4915781700000004 
