 3  1  1 E -0.0E+0 DE 0.0E+0( 1) 
 8.96536240000000006E+00 0.00000000000000000E+00 0.00000000000000000E+00 
 4.47614728695973607E+00 7.76800028506544038E+00 0.00000000000000000E+00 
 0.00000000000000000E+00 0.00000000000000000E+00 1.46387584600000000E+01 
  1 
 1.00000000000000000E+00 0.00000000000000000E+00 0.00000000000000000E+00 
 0.00000000000000000E+00 1.00000000000000000E+00 0.00000000000000000E+00 
 0.00000000000000000E+00 0.00000000000000000E+00 1.00000000000000000E+00 
 0.00000000000000000E+00 0.00000000000000000E+00 0.00000000000000000E+00 
       96 
    8   4.4638165200000000  2.5769491100000002  4.1221229800000003 
    8   2.2638557900000000  1.3079403500000000  0.4639436500000000 
    1   5.2666336899999999  2.1392364499999998  3.7823925400000000 
    1   1.4492564999999999  1.7428780600000000  0.1206096500000000 
    1   4.4837572999999997  3.4996059000000002  3.7844690000000001 
    1   2.2387394999999999  0.3734637000000000  0.1251465600000000 
    8   2.2232601900000000  1.2861023800000000  3.2087169000000002 
    8   4.5002459000000004  2.5972227399999999  6.8671097600000000 
    1   2.2354278999999999  1.2934295800000000  2.2251145200000000 
    1   4.4852958999999997  2.5881835400000002  5.8849223600000000 
    1   3.0322896799999999  1.7540679200000000  3.5086378200000001 
    1   3.6943336100000002  2.1321851600000001  7.1698851100000001 
    8   4.4583876599999996  2.5774389300000000 11.4448765800000007 
    8   2.2543805799999999  1.3024558200000000  7.7841387199999996 
    1   5.2717046700000001  2.1344526400000001 11.1045386700000002 
    1   1.4465029599999999  1.7493731299999999  7.4434836200000003 
    1   4.4858940599999997  3.5027193699999999 11.1028526700000008 
    1   2.2366510100000001  0.3845332800000000  7.4460721799999998 
    8   2.2200856899999999  1.2807154300000001 10.5331040599999994 
    8   4.4989616799999999  2.5988280800000001 14.1875048100000001 
    1   2.2392422399999998  1.2977173500000001  9.5397874599999994 
    1   4.4749136700000003  2.5873968399999998 13.2053493300000007 
    1   3.0281630100000001  1.7513354100000000 10.8314379100000000 
    1   3.6824797899999999  2.1265954800000002 14.4931566699999994 
    8   6.6900182700000004  6.4631771300000000  4.1247816600000000 
    8   4.4957004600000001  5.1922648300000001  0.4648552100000000 
    1   7.5156780500000000  6.0179937700000004  3.7842882599999998 
    1   3.6843930399999998  5.6315259199999996  0.1213400600000000 
    1   6.7255290700000003  7.3845134600000000  3.7803379100000001 
    1   4.4757116600000000  4.2626252100000004  0.1316530100000000 
    8   4.4579820899999998  5.1672322399999997  3.2124020700000000 
    8   6.7335321199999996  6.4801560900000004  6.8727593200000001 
    1   4.4799208899999998  5.1777853299999999  2.2307160900000000 
    1   6.7182257900000000  6.4747693000000002  5.8873377600000003 
    1   5.2699060600000003  5.6377099199999998  3.5120978200000001 
    1   5.9270640500000003  6.0177551100000004  7.1715613200000004 
    8   6.7003182099999998  6.4712250400000002 11.4410513599999994 
    8   4.4946184699999998  5.1894563399999996  7.7831859200000002 
    1   7.5104152700000002  6.0136284099999999 11.1033232599999998 
    1   3.6858428000000001  5.6373681199999996  7.4469612999999999 
    1   6.7256642600000003  7.3907212900000001 11.1010015000000006 
    1   4.4757136099999997  4.2672940099999996  7.4435415300000001 
    8   4.4583990699999996  5.1693833299999996 10.5289774900000008 
    8   6.7318752000000002  6.4877375300000004 14.1914163799999997 
    1   4.4776382000000003  5.1770748099999997  9.5436081000000001 
    1   6.7217621699999999  6.4715607100000003 13.2054338900000001 
    1   5.2795412199999996  5.6365879000000003 10.8299393899999998 
    1   5.9332649399999999  6.0097770199999996 14.4908269199999999 
    8   8.9426971599999998  2.5767475300000000  4.1133847100000001 
    8   6.7479816000000001  1.3057291000000000  0.4633713000000000 
    1   9.7537641599999994  2.1377340399999998  3.7807138800000000 
    1   5.9246480200000002  1.7469078700000000  0.1243940000000000 
    1   8.9602512300000008  3.5045049800000001  3.7849761599999998 
    1   6.7192151899999999  0.3756154600000000  0.1195725400000000 
    8   6.7021467499999998  1.2809271900000001  3.2033419500000000 
    8   8.9804511900000001  2.5984217100000002  6.8653455599999997 
    1   6.7206037299999997  1.2961062400000001  2.2287501100000000 
    1   8.9637371699999999  2.5909152199999999  5.8845060499999997 
    1   7.5129817799999996  1.7523372600000000  3.5164525300000000 
    1   8.1671135400000008  2.1333157900000002  7.1686350900000004 
    8   8.9467566699999992  2.5784999399999999 11.4402200900000004 
    8   6.7392794299999998  1.3008068600000000  7.7837479800000002 
    1   9.7580378999999997  2.1356143099999998 11.1019168100000005 
    1   5.9333006599999996  1.7536128600000001  7.4409226600000000 
    1   8.9613814299999994  3.5025203500000002 11.0978029899999999 
    1   6.7181325999999997  0.3822937700000000  7.4391672000000000 
    8   6.7038834899999999  1.2865598199999999 10.5274229300000002 
    8   8.9797738099999993  2.6012430400000000 14.1856441899999997 
    1   6.7202681999999996  1.2969333500000000  9.5497736700000004 
    1   8.9652486000000007  2.5855200500000000 13.2004474500000004 
    1   7.5167900500000000  1.7510126200000000 10.8247598600000003 
    1   8.1775937600000006  2.1312980000000001 14.4868829899999998 
    8  11.1822743700000000  6.4623977500000001  4.1203539500000002 
    8   8.9794559199999995  5.1866978499999998  0.4551811500000000 
    1  11.9897018400000004  6.0238245299999997  3.7848464499999999 
    1   8.1709925600000002  5.6333127699999999  0.1291303500000000 
    1  11.1991474400000008  7.3873511399999998  3.7866752799999999 
    1   8.9518979800000000  4.2677912300000003  0.1214918600000000 
    8   8.9414940999999999  5.1689779800000002  3.2143670200000001 
    8  11.2215889499999992  6.4822017599999997  6.8724405900000001 
    1   8.9593557199999996  5.1804535800000000  2.2174776999999999 
    1  11.2035952299999995  6.4729993300000004  5.8823454599999998 
    1   9.7488849999999996  5.6372309600000001  3.5166928099999999 
    1  10.4106036999999993  6.0180862700000004  7.1710222100000003 
    8  11.1809996500000004  6.4631719800000003 11.4460597899999996 
    8   8.9835524600000003  5.1929404999999997  7.7795102099999998 
    1  11.9968345000000003  6.0293818300000002 11.0978484399999999 
    1   8.1718744399999999  5.6277271000000004  7.4429098400000004 
    1  11.2086718100000002  7.3877575999999996 11.1057178899999993 
    1   8.9560311099999996  4.2645061699999998  7.4417027999999998 
    8   8.9422846699999994  5.1698748200000004 10.5374955000000003 
    8  11.2189352099999997  6.4832108100000001 14.1901956800000004 
    1   8.9604505000000003  5.1777452200000003  9.5409160899999996 
    1  11.1977350599999994  6.4741665800000003 13.1999672700000001 
    1   9.7509052000000001  5.6358116500000000 10.8298740400000000 
    1  10.4091877099999994  6.0161280799999997 14.4808660099999997 
