 3  1  1 E -0.0E+0 DE 0.0E+0( 1) 
 8.96536240000000006E+00 0.00000000000000000E+00 0.00000000000000000E+00 
 4.47614728695973607E+00 7.76800028506544038E+00 0.00000000000000000E+00 
 0.00000000000000000E+00 0.00000000000000000E+00 1.46387584600000000E+01 
  1 
 1.00000000000000000E+00 0.00000000000000000E+00 0.00000000000000000E+00 
 0.00000000000000000E+00 1.00000000000000000E+00 0.00000000000000000E+00 
 0.00000000000000000E+00 0.00000000000000000E+00 1.00000000000000000E+00 
 0.00000000000000000E+00 0.00000000000000000E+00 0.00000000000000000E+00 
       96 
    8   4.4617669400000004  2.5799666200000000  4.1215609700000000 
    8   2.2610600700000001  1.3054363899999999  0.4625836800000000 
    1   5.2708330300000004  2.1347093799999999  3.7849251300000000 
    1   1.4415584600000000  1.7471182300000001  0.1232154000000000 
    1   4.4800303000000001  3.5053723699999999  3.7783163800000001 
    1   2.2371826399999999  0.3852797200000000  0.1189710400000000 
    8   2.2179578300000000  1.2856954300000001  3.2142340400000000 
    8   4.5035907100000001  2.6045609100000000  6.8663048199999999 
    1   2.2349688699999999  1.2947798699999999  2.2289758499999999 
    1   4.4774696599999997  2.5939258000000001  5.8810608699999998 
    1   3.0297035700000001  1.7553583300000000  3.5135694200000001 
    1   3.6941666899999999  2.1378274400000001  7.1742688000000001 
    8   4.4605623200000002  2.5760656100000001 11.4411480500000007 
    8   2.2567506499999999  1.3026316200000001  7.7839459800000004 
    1   5.2673085300000002  2.1392790200000000 11.1036313300000007 
    1   1.4467965400000000  1.7459081299999999  7.4421819899999999 
    1   4.4802653799999996  3.5081303400000001 11.1003278200000004 
    1   2.2399458100000000  0.3822208200000000  7.4438877400000001 
    8   2.2249313300000000  1.2851485800000000 10.5290337600000008 
    8   4.4969119600000003  2.5982118000000001 14.1963390100000009 
    1   2.2393447300000000  1.2901661499999999  9.5395203100000003 
    1   4.4820878100000003  2.5909458700000001 13.2065147500000002 
    1   3.0348069299999998  1.7495366100000000 10.8312492900000006 
    1   3.6874630499999999  2.1315250400000001 14.4874383600000005 
    8   6.7001344100000004  6.4675831099999996  4.1221163299999999 
    8   4.4984240700000004  5.1924981299999997  0.4637868900000000 
    1   7.5088571499999999  6.0212424200000001  3.7862700800000000 
    1   3.6816757600000001  5.6278684900000000  0.1242938700000000 
    1   6.7196323199999997  7.3809379599999998  3.7830535200000002 
    1   4.4738761699999996  4.2621574899999999  0.1272422200000000 
    8   4.4645852799999997  5.1687121400000002  3.2090652700000000 
    8   6.7346240399999999  6.4891998500000003  6.8703784399999996 
    1   4.4770048500000001  5.1809105600000001  2.2271035700000001 
    1   6.7156625099999996  6.4758812399999997  5.8819993699999999 
    1   5.2695944600000004  5.6392562200000000  3.5125164099999999 
    1   5.9270272899999998  6.0148021299999996  7.1771336600000000 
    8   6.6982281199999996  6.4622540099999997 11.4473438200000004 
    8   4.4957895099999998  5.1849127299999997  7.7846383799999996 
    1   7.5115618700000004  6.0175104499999996 11.1084648399999999 
    1   3.6856925199999999  5.6295222899999997  7.4433075100000003 
    1   6.7212059699999998  7.3810315299999996 11.1020808599999992 
    1   4.4765387099999998  4.2603850899999998  7.4427887899999998 
    8   4.4606775200000000  5.1684752300000003 10.5277163199999997 
    8   6.7364356599999997  6.4825192200000004 14.1900345699999999 
    1   4.4848073700000004  5.1831422299999996  9.5445105899999998 
    1   6.7176033100000003  6.4733523200000000 13.2029235899999993 
    1   5.2759967999999997  5.6317013500000002 10.8215112799999993 
    1   5.9237096600000001  6.0182600199999996 14.4881962800000004 
    8   8.9421788899999992  2.5776340800000002  4.1175792700000002 
    8   6.7437160399999998  1.3092513699999999  0.4653893500000000 
    1   9.7543331999999996  2.1387366399999999  3.7805582599999998 
    1   5.9375211300000004  1.7466046500000001  0.1253781500000000 
    1   8.9740662499999999  3.5014829900000000  3.7828120099999998 
    1   6.7174941199999996  0.3800612000000000  0.1246906700000000 
    8   6.7012930600000002  1.2885020400000000  3.2129842800000001 
    8   8.9804019700000008  2.6044178100000002  6.8685297099999998 
    1   6.7167728200000001  1.3006485600000000  2.2297063700000002 
    1   8.9608842499999994  2.5875936300000002  5.8861854500000002 
    1   7.5126381200000001  1.7530640000000000  3.5126054700000000 
    1   8.1710959200000008  2.1357778500000002  7.1723709099999997 
    8   8.9420141999999991  2.5748375200000000 11.4486827499999997 
    8   6.7429611300000003  1.3029402200000000  7.7827406200000002 
    1   9.7526699499999996  2.1370602399999998 11.1040128800000009 
    1   5.9302499500000003  1.7469519400000000  7.4454767700000000 
    1   8.9682022799999999  3.5055565899999999 11.1011747700000001 
    1   6.7185455999999997  0.3824173700000000  7.4438562599999996 
    8   6.7019565099999996  1.2860410099999999 10.5323289300000003 
    8   8.9824286000000004  2.6020321800000001 14.1929765400000001 
    1   6.7197403600000003  1.2960978200000000  9.5478967099999998 
    1   8.9702769900000003  2.5942321300000000 13.2107050600000004 
    1   7.5171164099999999  1.7488393400000000 10.8252007300000006 
    1   8.1702918699999998  2.1280751300000000 14.4949070300000002 
    8  11.1823376999999997  6.4599820799999996  4.1223850300000002 
    8   8.9825991100000007  5.1882379399999996  0.4650115100000000 
    1  11.9975524500000006  6.0270061200000002  3.7826099000000002 
    1   8.1629057799999991  5.6298774399999996  0.1222070700000000 
    1  11.2054987799999992  7.3832692399999997  3.7836400800000001 
    1   8.9620486899999996  4.2698583799999996  0.1221577600000000 
    8   8.9417433800000001  5.1731879999999997  3.2119579900000002 
    8  11.2242737600000009  6.4863280100000003  6.8756586300000002 
    1   8.9625354799999997  5.1774298600000002  2.2295797799999999 
    1  11.2025654400000008  6.4743142400000000  5.8905703300000001 
    1   9.7510551099999994  5.6385772200000002  3.5127264399999998 
    1  10.4065043700000004  6.0172466800000004  7.1690757500000002 
    8  11.1854180000000003  6.4627665600000004 11.4412402800000006 
    8   8.9777429099999999  5.1876307500000003  7.7825795900000001 
    1  11.9975374099999996  6.0220360900000003 11.1031552700000002 
    1   8.1655747299999994  5.6296749400000001  7.4441697299999996 
    1  11.2048667099999992  7.3842979700000004 11.0968096099999993 
    1   8.9579584699999995  4.2643678800000000  7.4447444400000000 
    8   8.9434401000000001  5.1664337600000003 10.5338166999999991 
    8  11.2167728499999999  6.4870222799999997 14.1851193299999991 
    1   8.9693751499999994  5.1772277500000001  9.5447748499999996 
    1  11.2063801800000000  6.4718026899999996 13.2067486899999995 
    1   9.7513401599999998  5.6396088799999999 10.8299636899999996 
    1  10.4050331600000003  6.0164197000000001 14.4881339300000000 
