 3  1  1 E -0.0E+0 DE 0.0E+0( 1) 
 8.96536240000000006E+00 0.00000000000000000E+00 0.00000000000000000E+00 
 4.47614728695973607E+00 7.76800028506544038E+00 0.00000000000000000E+00 
 0.00000000000000000E+00 0.00000000000000000E+00 1.46387584600000000E+01 
  1 
 1.00000000000000000E+00 0.00000000000000000E+00 0.00000000000000000E+00 
 0.00000000000000000E+00 1.00000000000000000E+00 0.00000000000000000E+00 
 0.00000000000000000E+00 0.00000000000000000E+00 1.00000000000000000E+00 
 0.00000000000000000E+00 0.00000000000000000E+00 0.00000000000000000E+00 
       96 
    8   4.4586972800000000  2.5774075200000000  4.1192837700000000 
    8   2.2619960699999999  1.3043188800000001  0.4605437600000000 
    1   5.2719657700000004  2.1333825100000001  3.7886825900000001 
    1   1.4438987800000000  1.7504185600000000  0.1259459400000000 
    1   4.4786405599999997  3.5063401299999999  3.7840256100000000 
    1   2.2327396199999998  0.3891517800000000  0.1249556200000000 
    8   2.2214433300000000  1.2819196200000000  3.2081999099999998 
    8   4.4962996200000003  2.6020343000000001  6.8702230899999996 
    1   2.2431331499999998  1.2930591700000000  2.2226341199999999 
    1   4.4841574299999998  2.5933510399999999  5.8865191499999998 
    1   3.0234353199999999  1.7547715900000000  3.5103789700000001 
    1   3.6873488000000001  2.1233646400000001  7.1684617399999997 
    8   4.4623697199999999  2.5746922500000000 11.4375945600000009 
    8   2.2632579200000000  1.3045175300000000  7.7763889099999997 
    1   5.2812662399999999  2.1315988199999998 11.1030963699999994 
    1   1.4462544300000000  1.7487063000000000  7.4494235800000004 
    1   4.4835259599999997  3.5044581500000000 11.1036050500000005 
    1   2.2332510499999998  0.3786541200000000  7.4447835700000002 
    8   2.2256243400000000  1.2830611000000001 10.5284738000000004 
    8   4.4977829299999996  2.5996627800000001 14.1885494699999999 
    1   2.2402794199999998  1.2960462500000001  9.5448285800000008 
    1   4.4790279999999996  2.5912819200000001 13.2059136400000003 
    1   3.0314777199999998  1.7527145700000000 10.8281014700000000 
    1   3.6889373900000000  2.1311417000000001 14.4874959600000004 
    8   6.6970075299999996  6.4658343499999997  4.1217385799999997 
    8   4.4988486900000000  5.1899679399999998  0.4616534600000000 
    1   7.5085411300000002  6.0186629099999998  3.7859478599999998 
    1   3.6878586200000001  5.6368279899999996  0.1209218100000000 
    1   6.7220474200000000  7.3911352299999997  3.7835272099999999 
    1   4.4705375099999998  4.2636102899999999  0.1222256600000000 
    8   4.4580430599999996  5.1601452500000002  3.2153147299999998 
    8   6.7405731299999996  6.4850684000000003  6.8710092200000004 
    1   4.4765858400000003  5.1772158099999999  2.2246918800000000 
    1   6.7187975599999996  6.4712050899999998  5.8808879500000000 
    1   5.2667635500000003  5.6401236399999997  3.5089312600000002 
    1   5.9292846600000004  6.0111567099999998  7.1710781700000004 
    8   6.7011313499999998  6.4654638000000002 11.4392052100000008 
    8   4.4934862999999998  5.1906906399999997  7.7859034200000004 
    1   7.5139145200000002  6.0220574800000000 11.1069076599999992 
    1   3.6892608400000002  5.6333346000000004  7.4433798800000002 
    1   6.7250733900000004  7.3840503499999999 11.1045287100000003 
    1   4.4776376300000003  4.2655195199999998  7.4381051300000003 
    8   4.4596947299999998  5.1678049100000001 10.5346795100000001 
    8   6.7372700200000004  6.4795879799999998 14.1867146900000005 
    1   4.4833889400000002  5.1808717800000004  9.5496437000000007 
    1   6.7202970799999999  6.4777999599999996 13.2079459299999993 
    1   5.2685306199999999  5.6374670800000004 10.8327316099999997 
    1   5.9281278899999998  6.0136326699999998 14.4899093800000003 
    8   8.9413772999999992  2.5800405199999998  4.1162352300000000 
    8   6.7324499800000002  1.2971784000000000  0.4638887200000000 
    1   9.7568087000000006  2.1380902300000000  3.7781517800000000 
    1   5.9285692000000001  1.7487800600000001  0.1251620200000000 
    1   8.9652240299999999  3.5075360400000002  3.7809174300000001 
    1   6.7209064600000001  0.3848802800000000  0.1241685500000000 
    8   6.7047158900000001  1.2836604000000000  3.2107145899999998 
    8   8.9759548500000008  2.6051105799999998  6.8679270399999996 
    1   6.7248839299999998  1.2949260800000000  2.2248524500000002 
    1   8.9654467899999997  2.5895350700000002  5.8894286899999999 
    1   7.5178721700000004  1.7517336600000000  3.5096058200000000 
    1   8.1708133000000007  2.1332244600000001  7.1680215900000004 
    8   8.9389280200000005  2.5800712699999999 11.4382769999999994 
    8   6.7403663099999997  1.3005191000000000  7.7790702500000002 
    1   9.7547843800000003  2.1374860999999998 11.1019232500000005 
    1   5.9308791100000002  1.7507435400000000  7.4472542600000002 
    1   8.9658586299999996  3.5018227500000001 11.1031586799999999 
    1   6.7213243599999997  0.3828191400000000  7.4446459400000000 
    8   6.7104254900000004  1.2856410700000001 10.5264487500000001 
    8   8.9828453499999998  2.6018122300000002 14.1902797700000001 
    1   6.7206781600000003  1.2971664500000000  9.5442482599999998 
    1   8.9637521600000003  2.5905052000000000 13.2023461700000002 
    1   7.5113790500000004  1.7520755500000000 10.8283591799999996 
    1   8.1736377699999991  2.1279754199999998 14.4876029499999994 
    8  11.1881246099999991  6.4682719899999999  4.1239755000000002 
    8   8.9826738099999996  5.1955605499999997  0.4610883100000000 
    1  11.9911382000000000  6.0244395500000003  3.7802321399999999 
    1   8.1670264600000007  5.6319496100000004  0.1247356700000000 
    1  11.2065793800000009  7.3916480399999998  3.7740795199999999 
    1   8.9592101900000003  4.2664458900000000  0.1213202000000000 
    8   8.9389166600000003  5.1715661500000003  3.2064758400000000 
    8  11.2212489699999995  6.4844454400000000  6.8671860100000002 
    1   8.9608355599999996  5.1794035699999998  2.2292950999999999 
    1  11.1992610999999993  6.4732434400000001  5.8822663999999998 
    1   9.7553418900000004  5.6312108299999997  3.5032180500000001 
    1  10.4098425199999998  6.0115115399999999  7.1681724000000004 
    8  11.1870504999999998  6.4613072899999997 11.4416007000000004 
    8   8.9772167799999991  5.1921695899999998  7.7837050200000002 
    1  11.9968392300000009  6.0197478799999997 11.1013827099999993 
    1   8.1640437699999993  5.6301503400000001  7.4486743899999999 
    1  11.2015586299999992  7.3816946699999999 11.1034810200000003 
    1   8.9587879099999999  4.2667609899999999  7.4432414199999997 
    8   8.9413734599999994  5.1637139300000001 10.5287298400000005 
    8  11.2258223600000004  6.4876128700000004 14.1922430700000000 
    1   8.9583114199999994  5.1810432000000004  9.5441951300000003 
    1  11.1982015300000004  6.4776765000000003 13.2067893099999996 
    1   9.7565118099999992  5.6411929199999999 10.8359143400000004 
    1  10.4121519300000003  6.0196254199999997 14.4924967900000006 
