 3  1  1 E -0.0E+0 DE 0.0E+0( 1) 
 8.96536240000000006E+00 0.00000000000000000E+00 0.00000000000000000E+00 
 4.47614728695973607E+00 7.76800028506544038E+00 0.00000000000000000E+00 
 0.00000000000000000E+00 0.00000000000000000E+00 1.46387584600000000E+01 
  1 
 1.00000000000000000E+00 0.00000000000000000E+00 0.00000000000000000E+00 
 0.00000000000000000E+00 1.00000000000000000E+00 0.00000000000000000E+00 
 0.00000000000000000E+00 0.00000000000000000E+00 1.00000000000000000E+00 
 0.00000000000000000E+00 0.00000000000000000E+00 0.00000000000000000E+00 
       96 
    8   4.4639089800000002  2.5760974299999999  4.1174355900000004 
    8   2.2628341700000001  1.3013125100000000  0.4611501600000000 
    1   5.2700772599999999  2.1365891100000001  3.7833138300000000 
    1   1.4432402099999999  1.7549840000000001  0.1295466800000000 
    1   4.4842035100000004  3.5009371400000000  3.7830690499999999 
    1   2.2406848899999998  0.3797348700000000  0.1225985800000000 
    8   2.2220418300000002  1.2817947800000000  3.2048569300000000 
    8   4.5012162000000000  2.5934199100000002  6.8705122899999997 
    1   2.2402324400000002  1.2928519800000000  2.2302528700000002 
    1   4.4749058899999996  2.5932959400000000  5.8856690399999998 
    1   3.0316180300000002  1.7523348200000000  3.5075762300000002 
    1   3.6847755499999999  2.1282499800000001  7.1721905000000001 
    8   4.4598768599999996  2.5760133399999998 11.4424136300000008 
    8   2.2605443400000000  1.3048756399999999  7.7835000200000000 
    1   5.2704130400000002  2.1394536700000000 11.1014285499999996 
    1   1.4471390799999999  1.7442306900000000  7.4441536399999997 
    1   4.4847370000000000  3.4962833199999999 11.1017213100000003 
    1   2.2335749300000001  0.3805111400000000  7.4440216399999999 
    8   2.2296025600000000  1.2846495899999999 10.5337365599999995 
    8   4.4952141299999999  2.5979284499999999 14.1896929499999995 
    1   2.2389161600000000  1.2881263599999999  9.5456903799999999 
    1   4.4839435900000000  2.5894471299999999 13.2072226599999993 
    1   3.0310512699999999  1.7514400100000000 10.8309554299999995 
    1   3.6869318600000001  2.1310051400000001 14.4846704200000005 
    8   6.6990872399999999  6.4631431700000004  4.1206590600000004 
    8   4.5023419799999997  5.1906123099999997  0.4579665000000000 
    1   7.5169476099999999  6.0187874199999998  3.7836909699999999 
    1   3.6876663999999999  5.6307046800000000  0.1234792600000000 
    1   6.7245259500000003  7.3844002599999996  3.7793684999999999 
    1   4.4753924300000003  4.2725478499999996  0.1300533400000000 
    8   4.4645207800000000  5.1707730800000000  3.2073377100000000 
    8   6.7407114899999998  6.4842408100000002  6.8682150799999997 
    1   4.4799119699999999  5.1800088300000002  2.2277952299999999 
    1   6.7237550900000000  6.4715854300000002  5.8937696400000004 
    1   5.2664325400000003  5.6382448299999997  3.5076763000000000 
    1   5.9258513500000003  6.0205665000000002  7.1662886300000004 
    8   6.7004684599999997  6.4676136599999996 11.4361896400000003 
    8   4.4969539799999998  5.1846924400000001  7.7779376400000002 
    1   7.5102451800000001  6.0232019799999996 11.1046169900000002 
    1   3.6877011400000002  5.6300255899999998  7.4430094899999997 
    1   6.7311956100000003  7.3888138300000001 11.1083913100000000 
    1   4.4781884999999999  4.2620884300000004  7.4471430200000004 
    8   4.4580860800000002  5.1720860300000000 10.5265889900000005 
    8   6.7414037000000002  6.4872811800000001 14.1976781200000008 
    1   4.4793378900000000  5.1760739400000002  9.5485874800000001 
    1   6.7221134300000003  6.4765437700000001 13.2024203900000003 
    1   5.2696725200000003  5.6303999999999998 10.8310083099999996 
    1   5.9331720600000004  6.0212880000000002 14.4853361300000003 
    8   8.9470815199999993  2.5766607900000000  4.1245278100000000 
    8   6.7450784199999996  1.3075237700000000  0.4615319000000000 
    1   9.7525473399999996  2.1407116600000000  3.7865276400000001 
    1   5.9273306899999998  1.7461866500000001  0.1265372100000000 
    1   8.9675312199999997  3.5021002700000001  3.7848513100000001 
    1   6.7199182300000002  0.3837584100000000  0.1241451300000000 
    8   6.7045986500000003  1.2867152399999999  3.2096082400000001 
    8   8.9844034399999995  2.6044163199999999  6.8668946599999998 
    1   6.7255634700000000  1.2943446599999999  2.2272892000000000 
    1   8.9597543599999998  2.5883190200000001  5.8886455499999997 
    1   7.5146840800000003  1.7573122500000000  3.5086115200000001 
    1   8.1679961500000005  2.1317948900000001  7.1693255799999998 
    8   8.9416249299999997  2.5794868900000001 11.4395393300000006 
    8   6.7394054800000003  1.3042785900000000  7.7823803900000001 
    1   9.7565905900000001  2.1375172400000002 11.1084431600000002 
    1   5.9330176400000001  1.7512556500000001  7.4429210000000001 
    1   8.9638956600000004  3.5071284199999999 11.1073255399999997 
    1   6.7170400600000004  0.3739682400000000  7.4384563699999999 
    8   6.7006695100000000  1.2820949300000000 10.5191823899999992 
    8   8.9823973400000003  2.6022884600000000 14.1921479200000000 
    1   6.7220111700000000  1.2982745800000000  9.5448577199999995 
    1   8.9605572599999999  2.5948691099999999 13.2054638499999992 
    1   7.5140011099999997  1.7492829800000000 10.8277895199999996 
    1   8.1785526100000006  2.1356866999999999 14.4896414300000007 
    8  11.1780652800000002  6.4613310000000004  4.1232363999999997 
    8   8.9801191700000000  5.1948209299999997  0.4573389300000000 
    1  11.9881761099999995  6.0188521000000001  3.7806385100000002 
    1   8.1736649299999993  5.6356929100000004  0.1237814600000000 
    1  11.2083026500000003  7.3852357099999999  3.7848334600000002 
    1   8.9587054500000001  4.2635661499999999  0.1246826100000000 
    8   8.9417489900000007  5.1641681999999998  3.2083335200000000 
    8  11.2156785499999998  6.4827131299999996  6.8760784599999996 
    1   8.9556827499999994  5.1748081499999996  2.2257334700000002 
    1  11.2031008399999994  6.4749856499999998  5.8832690000000003 
    1   9.7523486699999999  5.6323343000000001  3.5110030900000000 
    1  10.4130484299999999  6.0165769999999998  7.1710472699999999 
    8  11.1757202800000002  6.4610933900000003 11.4358527500000005 
    8   8.9804441700000002  5.1922911400000000  7.7765234699999999 
    1  11.9927766099999999  6.0233179300000002 11.0965684200000005 
    1   8.1627386600000005  5.6307608099999999  7.4474079900000003 
    1  11.2021477699999998  7.3899324999999996 11.1019768499999998 
    1   8.9544107700000009  4.2621768099999997  7.4429759700000000 
    8   8.9369774399999997  5.1660901099999998 10.5294104399999995 
    8  11.2195862200000001  6.4881653300000002 14.1898882799999999 
    1   8.9578960300000006  5.1784041600000004  9.5472899899999994 
    1  11.1981671600000006  6.4720750899999997 13.2080446499999997 
    1   9.7542446999999992  5.6393916300000004 10.8372952199999997 
    1  10.4059553099999995  6.0132617000000002 14.4925308400000006 
