 3  1  1 E -0.0E+0 DE 0.0E+0( 1) 
 8.96536240000000006E+00 0.00000000000000000E+00 0.00000000000000000E+00 
 4.47614728695973607E+00 7.76800028506544038E+00 0.00000000000000000E+00 
 0.00000000000000000E+00 0.00000000000000000E+00 1.46387584600000000E+01 
  1 
 1.00000000000000000E+00 0.00000000000000000E+00 0.00000000000000000E+00 
 0.00000000000000000E+00 1.00000000000000000E+00 0.00000000000000000E+00 
 0.00000000000000000E+00 0.00000000000000000E+00 1.00000000000000000E+00 
 0.00000000000000000E+00 0.00000000000000000E+00 0.00000000000000000E+00 
       96 
    8   4.4629589799999998  2.5767422700000000  4.1219094800000002 
    8   2.2538987399999999  1.3099648100000001  0.4618620400000000 
    1   5.2739082599999998  2.1392391900000001  3.7815504600000001 
    1   1.4471634000000000  1.7515021900000001  0.1215917700000000 
    1   4.4877983900000000  3.5071626700000000  3.7837055600000000 
    1   2.2400071600000002  0.3832631800000000  0.1229112500000000 
    8   2.2215782000000002  1.2796356600000001  3.2078329999999999 
    8   4.4988321999999998  2.6002540700000001  6.8717375000000001 
    1   2.2453867800000000  1.2971339200000001  2.2295195099999998 
    1   4.4763897899999998  2.5897502100000001  5.8828122199999999 
    1   3.0369027000000002  1.7592844999999999  3.5134375200000001 
    1   3.6823690999999998  2.1306601199999999  7.1643074899999997 
    8   4.4609987300000000  2.5806240800000002 11.4399471699999999 
    8   2.2577626700000000  1.3091802299999999  7.7847087400000001 
    1   5.2682570200000001  2.1309239600000001 11.1000382099999992 
    1   1.4478424599999999  1.7522172499999999  7.4431751300000002 
    1   4.4847616199999996  3.4986986400000002 11.1011512200000002 
    1   2.2377191399999998  0.3850922900000000  7.4477538499999998 
    8   2.2187268699999998  1.2835518800000001 10.5281436300000006 
    8   4.5010707400000003  2.5991369899999999 14.1907382000000002 
    1   2.2397847099999999  1.2962586500000000  9.5403866199999996 
    1   4.4806341099999996  2.5818314999999998 13.2093933099999994 
    1   3.0349468900000001  1.7541791799999999 10.8290381300000007 
    1   3.6870504899999998  2.1313400400000000 14.4869848200000000 
    8   6.7013138899999998  6.4620425800000003  4.1245560000000001 
    8   4.4924491399999997  5.1902454999999996  0.4630075800000000 
    1   7.5080834999999997  6.0210866799999998  3.7886813300000002 
    1   3.6843473800000002  5.6280154700000002  0.1280317300000000 
    1   6.7194638500000003  7.3845178999999996  3.7868137200000000 
    1   4.4764306899999999  4.2642130700000003  0.1233235600000000 
    8   4.4612004299999999  5.1637572299999999  3.2092543600000001 
    8   6.7431966200000000  6.4866530300000003  6.8679913800000003 
    1   4.4764023000000002  5.1754388000000002  2.2284137300000002 
    1   6.7164058899999999  6.4745785199999997  5.8833823399999998 
    1   5.2714746899999998  5.6355125099999999  3.5117304300000001 
    1   5.9297044699999999  6.0176559699999999  7.1693737000000004 
    8   6.7006250400000003  6.4636474399999999 11.4427280400000004 
    8   4.5043766600000001  5.1940310399999996  7.7831505600000002 
    1   7.5071503599999998  6.0202067699999997 11.1012265899999996 
    1   3.6875716800000000  5.6283689199999998  7.4486494900000002 
    1   6.7184631399999999  7.3903843399999998 11.1005832000000009 
    1   4.4776501299999998  4.2645105599999997  7.4443649199999999 
    8   4.4553187000000003  5.1640642500000000 10.5333616400000007 
    8   6.7393346500000000  6.4841054800000002 14.1881183899999996 
    1   4.4824688000000004  5.1756473999999999  9.5436356500000006 
    1   6.7201459200000002  6.4711113500000002 13.2011388899999993 
    1   5.2667856100000003  5.6421446599999996 10.8309566299999993 
    1   5.9250117400000004  6.0145198100000004 14.4877181900000007 
    8   8.9461966999999998  2.5838471799999998  4.1190749899999997 
    8   6.7397579399999996  1.3109756299999999  0.4677875000000000 
    1   9.7548055399999996  2.1328675700000002  3.7855777499999999 
    1   5.9312189000000002  1.7473382700000000  0.1231582700000000 
    1   8.9699002700000001  3.5007755700000001  3.7802457199999999 
    1   6.7172978199999998  0.3830912000000000  0.1325100100000000 
    8   6.7067692799999996  1.2845633200000000  3.2084251400000001 
    8   8.9806846399999998  2.5952404800000002  6.8667652800000001 
    1   6.7257464000000002  1.2912393000000000  2.2245343300000000 
    1   8.9614977899999992  2.5914251600000000  5.8843280000000000 
    1   7.5176391899999997  1.7442793100000000  3.5047418200000000 
    1   8.1679587900000001  2.1300587300000000  7.1696108599999997 
    8   8.9447862699999998  2.5795047400000000 11.4454039999999999 
    8   6.7431511000000004  1.3091443400000000  7.7813609599999998 
    1   9.7509303400000000  2.1389731400000001 11.1054001099999997 
    1   5.9230999600000001  1.7485382100000000  7.4429179400000001 
    1   8.9674096999999993  3.5063007100000001 11.1035296199999998 
    1   6.7185813100000003  0.3810915300000000  7.4424520000000003 
    8   6.7078850699999997  1.2830706400000000 10.5290977399999992 
    8   8.9805147999999999  2.5997609300000000 14.1897384599999992 
    1   6.7239786400000003  1.2955437700000001  9.5446429699999999 
    1   8.9635802299999998  2.5931821199999998 13.2109389600000000 
    1   7.5201975699999997  1.7540896500000001 10.8302133200000004 
    1   8.1756085699999996  2.1343678800000001 14.4909818500000007 
    8  11.1832505300000005  6.4601976099999998  4.1173005800000002 
    8   8.9801186899999994  5.1873384199999997  0.4602511800000000 
    1  11.9897598799999994  6.0226900299999997  3.7783588600000000 
    1   8.1678083400000006  5.6284914099999996  0.1230655500000000 
    1  11.1968714600000006  7.3823286000000001  3.7738143000000002 
    1   8.9579809299999997  4.2657357899999999  0.1232641100000000 
    8   8.9407583800000001  5.1610362800000003  3.2089198900000002 
    8  11.2218879999999999  6.4878252400000003  6.8698389000000004 
    1   8.9632122400000007  5.1741970899999998  2.2251687699999998 
    1  11.2024679099999993  6.4702972299999999  5.8840023300000004 
    1   9.7516292700000005  5.6370394900000003  3.5062913600000001 
    1  10.4055752600000009  6.0151832000000001  7.1705596500000004 
    8  11.1774649799999999  6.4659589999999998 11.4367941599999998 
    8   8.9818669000000000  5.1879010699999997  7.7815683800000004 
    1  11.9940489499999998  6.0269985500000001 11.1028109700000002 
    1   8.1706094700000005  5.6334686400000002  7.4428242400000002 
    1  11.2062279300000007  7.3876999799999998 11.1059040099999997 
    1   8.9558126399999995  4.2639954700000002  7.4470611900000003 
    8   8.9374780999999999  5.1635735900000004 10.5330154399999998 
    8  11.2183685600000000  6.4818218500000002 14.1882489899999999 
    1   8.9561489099999996  5.1830356799999997  9.5441686699999995 
    1  11.2019643299999991  6.4745166500000000 13.2025766499999992 
    1   9.7507853499999992  5.6406793799999999 10.8293197600000006 
    1  10.4128653500000006  6.0177421300000002 14.4916438200000002 
