 3  1  1 E -0.0E+0 DE 0.0E+0( 1) 
 8.96536240000000006E+00 0.00000000000000000E+00 0.00000000000000000E+00 
 4.47614728695973607E+00 7.76800028506544038E+00 0.00000000000000000E+00 
 0.00000000000000000E+00 0.00000000000000000E+00 1.46387584600000000E+01 
  1 
 1.00000000000000000E+00 0.00000000000000000E+00 0.00000000000000000E+00 
 0.00000000000000000E+00 1.00000000000000000E+00 0.00000000000000000E+00 
 0.00000000000000000E+00 0.00000000000000000E+00 1.00000000000000000E+00 
 0.00000000000000000E+00 0.00000000000000000E+00 0.00000000000000000E+00 
       96 
    8   4.4634482499999999  2.5736498499999998  4.1215134899999999 
    8   2.2589690000000000  1.3129319100000001  0.4620141000000000 
    1   5.2724654299999996  2.1387173399999999  3.7853768500000000 
    1   1.4477531900000000  1.7478209899999999  0.1220899800000000 
    1   4.4865543399999996  3.5014466199999998  3.7847957999999999 
    1   2.2342939500000001  0.3772229200000000  0.1294709400000000 
    8   2.2212274399999998  1.2808500100000000  3.2138187299999998 
    8   4.4977674700000003  2.6026248800000000  6.8691292700000002 
    1   2.2389977000000001  1.2997409600000001  2.2252285000000001 
    1   4.4790909200000000  2.5892031200000001  5.8838125500000000 
    1   3.0316282299999999  1.7523489699999999  3.5136472099999998 
    1   3.6892268900000000  2.1344604000000000  7.1636233699999998 
    8   4.4603317599999999  2.5842698300000002 11.4473066299999999 
    8   2.2599694700000001  1.3095163200000000  7.7802361400000004 
    1   5.2765956999999997  2.1331887200000001 11.0975041000000001 
    1   1.4462775699999999  1.7453267299999999  7.4458458900000002 
    1   4.4859952600000002  3.4984834899999999 11.1023090599999996 
    1   2.2406465999999998  0.3833767400000000  7.4403931500000002 
    8   2.2202850700000001  1.2822347599999999 10.5289919600000008 
    8   4.4955359599999998  2.6003146300000002 14.1841721300000003 
    1   2.2382045399999999  1.2943067399999999  9.5406686700000005 
    1   4.4804876499999997  2.5879356200000001 13.2058981099999997 
    1   3.0304894500000001  1.7545143999999999 10.8284946499999997 
    1   3.6937412900000002  2.1345149900000000 14.4886984400000003 
    8   6.6984179900000003  6.4568467199999997  4.1204752899999999 
    8   4.4986821800000003  5.1909229999999997  0.4547678400000000 
    1   7.5083361599999998  6.0227418100000003  3.7829912100000000 
    1   3.6867293800000001  5.6305981200000002  0.1251149100000000 
    1   6.7204701499999997  7.3842210000000001  3.7769110100000001 
    1   4.4774267800000001  4.2667804199999999  0.1230337600000000 
    8   4.4582856399999997  5.1641058099999997  3.2103100599999999 
    8   6.7367751100000000  6.4812349999999999  6.8679307900000000 
    1   4.4835445700000003  5.1790808699999999  2.2286453200000000 
    1   6.7161868599999996  6.4731157399999999  5.8864055600000000 
    1   5.2730679499999997  5.6354743300000001  3.5051180300000002 
    1   5.9236568800000002  6.0140047200000000  7.1731040600000000 
    8   6.7030350199999997  6.4602550799999996 11.4380695499999998 
    8   4.4962070199999999  5.1930126100000003  7.7851577499999998 
    1   7.5119089900000002  6.0227477000000000 11.0983761800000007 
    1   3.6859468600000000  5.6344568199999996  7.4387429000000003 
    1   6.7228435299999996  7.3846081899999998 11.1007855000000006 
    1   4.4737421399999997  4.2663478499999998  7.4416345599999998 
    8   4.4650219000000000  5.1670625200000000 10.5340205900000008 
    8   6.7392569599999996  6.4855779599999996 14.1923175599999993 
    1   4.4778120599999998  5.1833682899999998  9.5445997899999995 
    1   6.7174532999999998  6.4800596700000002 13.2059889699999999 
    1   5.2663767100000003  5.6339531999999997 10.8256659299999995 
    1   5.9278468000000002  6.0152010699999998 14.4869437600000008 
    8   8.9458182999999991  2.5747138999999999  4.1199973400000003 
    8   6.7425524899999996  1.3095245099999999  0.4656716300000000 
    1   9.7593265000000002  2.1354501400000001  3.7778988400000002 
    1   5.9292653900000003  1.7461294800000000  0.1259437300000000 
    1   8.9707600099999993  3.5040743200000000  3.7833809999999999 
    1   6.7177213099999999  0.3784332500000000  0.1233714600000000 
    8   6.7010981999999997  1.2824626299999999  3.2109594499999998 
    8   8.9806103400000001  2.5963160200000002  6.8658534400000004 
    1   6.7214210999999997  1.2954309600000000  2.2259448100000001 
    1   8.9623705600000001  2.5820018899999999  5.8862418700000001 
    1   7.5138085500000003  1.7547423499999999  3.5141594600000001 
    1   8.1710600000000007  2.1304960899999998  7.1735250900000000 
    8   8.9415090999999993  2.5775113400000000 11.4433514499999998 
    8   6.7436388599999999  1.3031566999999999  7.7827932600000000 
    1   9.7550836800000003  2.1362622299999998 11.1059159399999992 
    1   5.9252340800000001  1.7449413499999999  7.4394134799999998 
    1   8.9661298899999995  3.5004772499999999 11.1038161199999994 
    1   6.7187828500000002  0.3814452100000000  7.4468684900000000 
    8   6.7009406699999996  1.2824212300000000 10.5274308899999998 
    8   8.9825361699999995  2.6030979799999998 14.1916668900000005 
    1   6.7250725400000002  1.2897264600000000  9.5449915300000008 
    1   8.9609693099999994  2.5883955799999998 13.2063765699999998 
    1   7.5163485999999997  1.7448722600000000 10.8282433099999995 
    1   8.1740804499999999  2.1314961700000001 14.4851928500000007 
    8  11.1814282200000008  6.4617031699999998  4.1200526799999997 
    8   8.9740661399999997  5.1852191100000002  0.4630156600000000 
    1  11.9975315299999998  6.0169514499999996  3.7839773200000000 
    1   8.1692416899999998  5.6393401399999998  0.1251647700000000 
    1  11.2049507300000002  7.3874801400000001  3.7814792900000000 
    1   8.9586175699999995  4.2672290400000001  0.1169242800000000 
    8   8.9376911700000008  5.1697300300000002  3.2060217600000001 
    8  11.2219774099999992  6.4823301300000002  6.8728731800000000 
    1   8.9590433800000007  5.1818818400000000  2.2253332399999999 
    1  11.2057762699999994  6.4739231400000001  5.8877976600000004 
    1   9.7559245400000005  5.6342133900000002  3.5113371799999999 
    1  10.4128531199999994  6.0170273200000004  7.1656730199999998 
    8  11.1827060300000003  6.4609954600000004 11.4435956900000004 
    8   8.9842613700000005  5.1887049799999998  7.7826954700000002 
    1  11.9912376900000002  6.0220625300000004 11.1089667700000003 
    1   8.1711892000000006  5.6312838300000001  7.4416199699999996 
    1  11.2023901400000003  7.3888714799999997 11.1022048899999994 
    1   8.9566012799999992  4.2609913700000002  7.4436137599999999 
    8   8.9435434699999998  5.1714738499999999 10.5243215200000009 
    8  11.2141646799999997  6.4831319499999998 14.1862506400000008 
    1   8.9585072500000003  5.1792089099999998  9.5408036500000009 
    1  11.1996393500000000  6.4784341300000001 13.2025446199999994 
    1   9.7503992900000007  5.6365134399999999 10.8309076599999994 
    1  10.4135320500000006  6.0125536100000003 14.4873148300000008 
