 3  1  1 E -0.0E+0 DE 0.0E+0( 1) 
 8.96536240000000006E+00 0.00000000000000000E+00 0.00000000000000000E+00 
 4.47614728695973607E+00 7.76800028506544038E+00 0.00000000000000000E+00 
 0.00000000000000000E+00 0.00000000000000000E+00 1.46387584600000000E+01 
  1 
 1.00000000000000000E+00 0.00000000000000000E+00 0.00000000000000000E+00 
 0.00000000000000000E+00 1.00000000000000000E+00 0.00000000000000000E+00 
 0.00000000000000000E+00 0.00000000000000000E+00 1.00000000000000000E+00 
 0.00000000000000000E+00 0.00000000000000000E+00 0.00000000000000000E+00 
       96 
    8   4.4620867400000002  2.5788650099999999  4.1246878000000002 
    8   2.2544394200000002  1.3061352700000000  0.4658039100000000 
    1   5.2723914900000004  2.1318094300000001  3.7823127799999998 
    1   1.4459999600000000  1.7462111000000000  0.1214015200000000 
    1   4.4843813199999998  3.5019559700000000  3.7826789500000002 
    1   2.2343362000000000  0.3833694600000000  0.1288422500000000 
    8   2.2201885899999998  1.2837006099999999  3.2054649000000000 
    8   4.4992898700000001  2.5981540299999999  6.8642793700000002 
    1   2.2385819499999999  1.2994703000000001  2.2267615699999999 
    1   4.4833775899999999  2.5873444600000002  5.8847449300000001 
    1   3.0284418899999999  1.7470432700000000  3.5133114200000000 
    1   3.6885259700000002  2.1278729400000000  7.1681350200000002 
    8   4.4599402699999997  2.5779822600000002 11.4358352500000002 
    8   2.2550634100000000  1.3047271800000000  7.7877222799999997 
    1   5.2743803199999997  2.1320816499999999 11.1023286300000006 
    1   1.4534697900000000  1.7437977099999999  7.4468917499999998 
    1   4.4870000599999997  3.4948463799999998 11.1054404000000009 
    1   2.2386319200000000  0.3813235500000000  7.4443314799999998 
    8   2.2230998899999999  1.2841034099999999 10.5297344200000005 
    8   4.5004476100000002  2.6005490500000001 14.1842102899999993 
    1   2.2359434000000000  1.2989871500000001  9.5446432199999993 
    1   4.4808027900000003  2.5868076599999998 13.2001664999999999 
    1   3.0356677599999999  1.7544978000000000 10.8227331000000007 
    1   3.6891715399999998  2.1291097600000000 14.4853683199999992 
    8   6.6977838099999998  6.4651811600000002  4.1257165100000002 
    8   4.5015907000000004  5.1894224099999997  0.4668339000000000 
    1   7.5118936400000003  6.0175495000000003  3.7817072399999998 
    1   3.6827841900000000  5.6302421799999998  0.1242214500000000 
    1   6.7241273599999998  7.3840663099999997  3.7830983499999999 
    1   4.4778272599999998  4.2689822099999999  0.1277656200000000 
    8   4.4593579200000004  5.1657431599999999  3.2052024100000001 
    8   6.7349722500000002  6.4803035400000004  6.8680499499999996 
    1   4.4803492599999997  5.1772382199999996  2.2230621400000001 
    1   6.7178962400000000  6.4688460100000000  5.8826295899999996 
    1   5.2727411799999997  5.6394310100000000  3.5077514700000001 
    1   5.9309742200000004  6.0163784900000001  7.1683996199999998 
    8   6.7017839600000002  6.4628063400000002 11.4437141199999992 
    8   4.4986375900000004  5.1882767699999999  7.7885435200000002 
    1   7.5118108499999998  6.0260096799999996 11.1025604500000004 
    1   3.6829269199999999  5.6333061600000001  7.4450362700000001 
    1   6.7236155300000000  7.3865346499999998 11.1008436600000007 
    1   4.4789389499999999  4.2629820599999997  7.4426719400000003 
    8   4.4564459999999997  5.1670668500000003 10.5250128099999998 
    8   6.7382967499999999  6.4879848100000004 14.1874371000000004 
    1   4.4756330200000001  5.1770788899999998  9.5462409699999995 
    1   6.7161606899999997  6.4769556300000000 13.2089398300000003 
    1   5.2608985099999996  5.6351019999999998 10.8341865300000002 
    1   5.9258402600000002  6.0146653499999996 14.4884062000000000 
    8   8.9498021600000008  2.5777650900000002  4.1277639600000002 
    8   6.7412226400000002  1.3051558700000001  0.4624032100000000 
    1   9.7531525800000001  2.1356883299999998  3.7820297699999998 
    1   5.9260069800000004  1.7506143300000001  0.1258660800000000 
    1   8.9634321600000000  3.5062516300000000  3.7830791499999998 
    1   6.7244043400000004  0.3830029000000000  0.1241865500000000 
    8   6.7082537899999997  1.2822905099999999  3.2124062000000002 
    8   8.9767616799999992  2.5977865900000001  6.8633867300000002 
    1   6.7204819999999996  1.2951322199999999  2.2254285199999999 
    1   8.9633550799999995  2.5904959100000000  5.8880367900000001 
    1   7.5126796899999997  1.7541201300000000  3.5180763300000000 
    1   8.1666767999999994  2.1304438299999999  7.1700198300000002 
    8   8.9425267999999996  2.5751170999999999 11.4407657199999999 
    8   6.7443254799999997  1.3061090799999999  7.7865578800000002 
    1   9.7552082799999997  2.1377636199999999 11.1034879699999998 
    1   5.9300296100000001  1.7483077499999999  7.4408484200000000 
    1   8.9744141000000006  3.4970236099999998 11.0989667599999997 
    1   6.7254797699999997  0.3797373300000000  7.4466029699999998 
    8   6.7024729399999998  1.2801910000000001 10.5242645899999996 
    8   8.9816439700000004  2.6046232100000002 14.1896886999999996 
    1   6.7221773799999998  1.2967278499999999  9.5498338100000009 
    1   8.9657970200000001  2.5933999499999998 13.2076257100000003 
    1   7.5160383399999997  1.7501175200000001 10.8291736099999998 
    1   8.1747801500000001  2.1331446999999999 14.4935674399999996 
    8  11.1802784099999997  6.4587462100000002  4.1245107200000000 
    8   8.9771270399999992  5.1853924500000002  0.4663771600000000 
    1  11.9975897899999993  6.0221321600000000  3.7770556599999998 
    1   8.1685891000000002  5.6319008000000004  0.1256276100000000 
    1  11.1995089599999993  7.3830215399999997  3.7838854700000000 
    1   8.9630328400000003  4.2645369700000000  0.1246588800000000 
    8   8.9411762499999998  5.1643739899999996  3.2087615000000000 
    8  11.2148710400000002  6.4878899600000004  6.8697210999999996 
    1   8.9627969200000006  5.1759397299999996  2.2272527400000000 
    1  11.2018515599999997  6.4705962799999996  5.8858131699999996 
    1   9.7537342000000002  5.6371555899999999  3.5075197299999998 
    1  10.4155085900000000  6.0180200099999999  7.1711208700000002 
    8  11.1907904299999998  6.4635654300000001 11.4405157800000001 
    8   8.9782653099999994  5.1888255799999996  7.7840764699999996 
    1  11.9907353099999998  6.0215291700000000 11.1016958999999993 
    1   8.1690737700000007  5.6321066100000001  7.4422225199999996 
    1  11.2013392799999991  7.3862846400000004 11.1015288299999995 
    1   8.9626727099999997  4.2705895099999998  7.4416311700000000 
    8   8.9439076899999996  5.1650901700000000 10.5271700700000004 
    8  11.2173939600000008  6.4850509000000001 14.1916773400000000 
    1   8.9585043199999994  5.1808824299999996  9.5456268600000005 
    1  11.2008824400000009  6.4750040899999997 13.2036980100000001 
    1   9.7511396500000007  5.6342187399999997 10.8320933200000002 
    1  10.4142435399999993  6.0205737700000004 14.4862022899999996 
