 3  1  1 E -0.0E+0 DE 0.0E+0( 1) 
 8.96536240000000006E+00 0.00000000000000000E+00 0.00000000000000000E+00 
 4.47614728695973607E+00 7.76800028506544038E+00 0.00000000000000000E+00 
 0.00000000000000000E+00 0.00000000000000000E+00 1.46387584600000000E+01 
  1 
 1.00000000000000000E+00 0.00000000000000000E+00 0.00000000000000000E+00 
 0.00000000000000000E+00 1.00000000000000000E+00 0.00000000000000000E+00 
 0.00000000000000000E+00 0.00000000000000000E+00 1.00000000000000000E+00 
 0.00000000000000000E+00 0.00000000000000000E+00 0.00000000000000000E+00 
       96 
    8   4.4612436600000001  2.5767130200000001  4.1266347600000000 
    8   2.2572809999999999  1.3046987500000000  0.4603174200000000 
    1   5.2752227800000000  2.1328411799999998  3.7842773500000000 
    1   1.4516956299999999  1.7458465900000000  0.1283952400000000 
    1   4.4874021300000004  3.5032466699999998  3.7850563199999998 
    1   2.2311626699999998  0.3819486000000000  0.1212860200000000 
    8   2.2173416200000000  1.2793897500000000  3.2075093500000000 
    8   4.5018592499999999  2.5987190299999998  6.8749763699999997 
    1   2.2396810000000000  1.3007133700000000  2.2230512500000001 
    1   4.4843418399999999  2.5886802699999998  5.8833213799999999 
    1   3.0315404500000001  1.7579720800000000  3.5126012900000001 
    1   3.6853102999999998  2.1315481699999999  7.1730692600000001 
    8   4.4598057600000001  2.5791103700000000 11.4404743999999994 
    8   2.2583844300000000  1.3077836000000000  7.7806660200000000 
    1   5.2701370799999996  2.1343279800000001 11.0937608000000001 
    1   1.4458104300000001  1.7498917500000000  7.4492600800000002 
    1   4.4771300099999998  3.4997474500000001 11.0993929100000006 
    1   2.2394515899999998  0.3851447500000000  7.4464778699999998 
    8   2.2194332200000000  1.2789193500000000 10.5261086299999995 
    8   4.4982263500000004  2.5970572299999999 14.1842339699999993 
    1   2.2447480500000001  1.2918809899999999  9.5465249199999995 
    1   4.4767843999999997  2.5883364000000002 13.2065290500000003 
    1   3.0293202799999999  1.7517670400000001 10.8257790800000002 
    1   3.6939672200000002  2.1350647299999999 14.4879522200000004 
    8   6.7044937400000002  6.4669127199999998  4.1295549600000001 
    8   4.4973955600000002  5.1923100000000000  0.4582270000000000 
    1   7.5106292799999999  6.0204927000000001  3.7857112399999999 
    1   3.6868920799999998  5.6254309700000000  0.1262684000000000 
    1   6.7237110800000002  7.3828724000000001  3.7907327999999998 
    1   4.4714651700000001  4.2663061100000004  0.1222503400000000 
    8   4.4603880100000000  5.1637601999999996  3.2156067099999999 
    8   6.7385939500000003  6.4817057000000000  6.8695534000000000 
    1   4.4764057199999998  5.1807870899999999  2.2296231799999999 
    1   6.7225103800000001  6.4762525899999996  5.8794809700000004 
    1   5.2729098499999996  5.6397583700000000  3.5065684400000001 
    1   5.9281658000000004  6.0112830300000004  7.1688121100000002 
    8   6.6930714800000004  6.4602161999999996 11.4385090999999992 
    8   4.4983869600000004  5.1862304899999998  7.7820549799999998 
    1   7.5108427200000003  6.0173900099999997 11.1042528500000000 
    1   3.6855100799999998  5.6314672300000002  7.4440838400000002 
    1   6.7212670100000000  7.3846698599999998 11.1085738700000007 
    1   4.4756179700000001  4.2655304899999997  7.4457233499999997 
    8   4.4615858499999996  5.1695846200000002 10.5328690599999995 
    8   6.7357144499999997  6.4821301900000003 14.1850184000000006 
    1   4.4738659900000002  5.1782136000000003  9.5477779599999995 
    1   6.7199778500000003  6.4708405999999998 13.2052960899999992 
    1   5.2747205299999997  5.6339230699999998 10.8307165199999993 
    1   5.9316328599999997  6.0158033800000004 14.4889311500000009 
    8   8.9404865699999991  2.5774333000000000  4.1221015500000000 
    8   6.7444595899999999  1.3067445499999999  0.4630658400000000 
    1   9.7560142600000006  2.1322489600000001  3.7828886700000002 
    1   5.9320519300000001  1.7505334200000000  0.1220381300000000 
    1   8.9666662499999994  3.5062230799999998  3.7858924500000000 
    1   6.7215410599999998  0.3844582800000000  0.1252938100000000 
    8   6.7029347899999996  1.2799232100000000  3.2111153799999999 
    8   8.9838748499999994  2.6052679400000001  6.8659622699999998 
    1   6.7247805200000004  1.2878390900000001  2.2291981199999999 
    1   8.9644065299999998  2.5910112600000001  5.8844885600000003 
    1   7.5142629100000002  1.7537289500000000  3.5105222000000000 
    1   8.1761767400000007  2.1303573600000001  7.1678181199999997 
    8   8.9470839200000007  2.5793387000000001 11.4413789999999995 
    8   6.7393337500000001  1.3050442000000000  7.7808942500000002 
    1   9.7619014899999996  2.1337202000000000 11.1036931800000005 
    1   5.9287438400000001  1.7543013599999999  7.4479639899999999 
    1   8.9587186299999999  3.5000719600000001 11.0991432999999997 
    1   6.7239358100000004  0.3843042200000000  7.4478749200000003 
    8   6.7010868600000002  1.2882366900000000 10.5255259999999993 
    8   8.9768337000000002  2.5953185500000000 14.1912526299999993 
    1   6.7200762899999997  1.3009626700000001  9.5433115900000001 
    1   8.9623730699999999  2.5868392099999999 13.2039440199999998 
    1   7.5133507799999997  1.7563194499999999 10.8275942199999999 
    1   8.1737432000000005  2.1311166500000001 14.4898161400000003 
    8  11.1788810999999999  6.4686184600000001  4.1228236500000000 
    8   8.9817993200000004  5.1914907899999996  0.4608534000000000 
    1  11.9930956000000002  6.0163150300000003  3.7846725800000001 
    1   8.1705153199999998  5.6321280800000002  0.1231562100000000 
    1  11.2069266100000000  7.3842762899999999  3.7886517600000000 
    1   8.9629365599999993  4.2658535200000003  0.1244623000000000 
    8   8.9497097199999995  5.1650279599999998  3.2149724900000001 
    8  11.2199699800000001  6.4862093200000004  6.8657416299999996 
    1   8.9639109799999996  5.1771049800000002  2.2274488300000002 
    1  11.2013054499999996  6.4773947900000000  5.8847487899999997 
    1   9.7485777299999992  5.6338251200000000  3.5132257600000001 
    1  10.4064805699999994  6.0168482000000001  7.1702997399999999 
    8  11.1850329899999998  6.4614040599999996 11.4400033600000004 
    8   8.9786770600000008  5.1883488800000004  7.7790436100000004 
    1  11.9908567000000001  6.0190682300000002 11.1022415300000006 
    1   8.1675403000000006  5.6302286199999996  7.4391225600000004 
    1  11.2059074699999996  7.3868300600000003 11.1006990000000005 
    1   8.9614706900000005  4.2684183600000001  7.4408016699999999 
    8   8.9373015099999993  5.1639073099999999 10.5288958099999999 
    8  11.2192246200000003  6.4866735100000001 14.1924526199999992 
    1   8.9604839399999996  5.1782488400000002  9.5454726599999997 
    1  11.2029759299999991  6.4735614400000001 13.2121894599999994 
    1   9.7543925700000003  5.6361893399999996 10.8348369099999999 
    1  10.4068050999999997  6.0141116700000001 14.4920507399999998 
