 3  1  1 E -0.0E+0 DE 0.0E+0( 1) 
 8.96536240000000006E+00 0.00000000000000000E+00 0.00000000000000000E+00 
 4.47614728695973607E+00 7.76800028506544038E+00 0.00000000000000000E+00 
 0.00000000000000000E+00 0.00000000000000000E+00 1.46387584600000000E+01 
  1 
 1.00000000000000000E+00 0.00000000000000000E+00 0.00000000000000000E+00 
 0.00000000000000000E+00 1.00000000000000000E+00 0.00000000000000000E+00 
 0.00000000000000000E+00 0.00000000000000000E+00 1.00000000000000000E+00 
 0.00000000000000000E+00 0.00000000000000000E+00 0.00000000000000000E+00 
       96 
    8   4.4616809399999999  2.5796491700000002  4.1206753899999997 
    8   2.2660332900000002  1.2978357100000000  0.4607337100000000 
    1   5.2645111699999996  2.1417985499999999  3.7804649399999999 
    1   1.4483210300000000  1.7501773700000001  0.1240050200000000 
    1   4.4847219500000000  3.5004817400000001  3.7824866899999998 
    1   2.2364549800000000  0.3808743400000000  0.1197955100000000 
    8   2.2210446199999998  1.2857443200000001  3.2152262600000001 
    8   4.4992789599999998  2.6022609200000000  6.8756322100000000 
    1   2.2415888399999999  1.2932230300000001  2.2298337600000000 
    1   4.4828959299999998  2.5870344300000001  5.8880990000000004 
    1   3.0336018500000002  1.7554880799999999  3.5105384700000002 
    1   3.6916357500000001  2.1239127600000001  7.1696156400000000 
    8   4.4671786300000003  2.5821977999999999 11.4501251100000001 
    8   2.2569528900000000  1.3050993099999999  7.7789691699999999 
    1   5.2732725199999999  2.1349343900000002 11.1011780299999998 
    1   1.4484758900000001  1.7441834000000001  7.4440665700000004 
    1   4.4803613799999997  3.4942540200000001 11.1023971600000007 
    1   2.2372464900000000  0.3799098900000000  7.4460080800000004 
    8   2.2206557700000000  1.2872656700000000 10.5313106800000007 
    8   4.4996999400000002  2.5994328699999998 14.1842745899999993 
    1   2.2391455900000001  1.2927983900000000  9.5471208799999996 
    1   4.4734468100000004  2.5870946899999998 13.2087432099999997 
    1   3.0354603700000000  1.7535692599999999 10.8254658399999997 
    1   3.6888533400000001  2.1277742700000002 14.4888177200000001 
    8   6.7035782499999996  6.4628817500000002  4.1199386400000000 
    8   4.4988902299999998  5.1952689300000001  0.4655611700000000 
    1   7.5103555999999996  6.0201397099999996  3.7840588400000001 
    1   3.6940913100000001  5.6313919400000003  0.1259592700000000 
    1   6.7193770700000002  7.3822296999999999  3.7821317500000000 
    1   4.4721673900000001  4.2722802099999999  0.1262371000000000 
    8   4.4582879799999997  5.1713801999999998  3.2088946900000002 
    8   6.7370053099999998  6.4793583200000002  6.8739034800000001 
    1   4.4811161799999999  5.1770455599999998  2.2239974700000000 
    1   6.7153683800000001  6.4757478600000002  5.8873345600000002 
    1   5.2722665099999997  5.6319383900000002  3.5137575700000001 
    1   5.9182224200000002  6.0177638900000003  7.1692368499999999 
    8   6.7004860199999996  6.4618031000000000 11.4392754500000002 
    8   4.4932643299999997  5.1870506900000004  7.7794699500000002 
    1   7.5152734600000004  6.0206024200000003 11.1011943800000008 
    1   3.6814124900000000  5.6247488399999996  7.4440567000000000 
    1   6.7207135100000004  7.3859420699999996 11.1021950799999995 
    1   4.4733663200000002  4.2695264100000001  7.4441423300000000 
    8   4.4623739499999999  5.1676849300000001 10.5305727000000005 
    8   6.7371719199999998  6.4805309600000003 14.1887429899999997 
    1   4.4798392700000003  5.1772959700000003  9.5438284200000005 
    1   6.7171858599999998  6.4713144600000003 13.2055165300000006 
    1   5.2683570599999996  5.6363736500000003 10.8286727599999999 
    1   5.9304038600000002  6.0152801399999998 14.4927794599999995 
    8   8.9428704999999997  2.5813310500000002  4.1230342100000001 
    8   6.7394240099999996  1.3063225999999999  0.4713348200000000 
    1   9.7551477999999996  2.1378985400000001  3.7814671400000002 
    1   5.9309472000000003  1.7508468200000000  0.1234352900000000 
    1   8.9670330499999995  3.5041641600000002  3.7922551599999998 
    1   6.7130924399999996  0.3804706500000000  0.1263957500000000 
    8   6.7037328499999997  1.2857457999999999  3.2079902200000001 
    8   8.9750757900000000  2.6029027199999999  6.8659536299999999 
    1   6.7241079299999997  1.2918818200000000  2.2277323999999998 
    1   8.9577249400000003  2.5930343300000001  5.8853717400000001 
    1   7.5160642900000001  1.7562503400000000  3.5067800199999999 
    1   8.1718965400000005  2.1310286700000001  7.1754774599999998 
    8   8.9418222099999998  2.5793222400000002 11.4440849000000000 
    8   6.7399954099999997  1.3082524900000001  7.7824686900000000 
    1   9.7599621800000005  2.1329161700000001 11.1029672099999992 
    1   5.9302396999999996  1.7483272599999999  7.4470995599999998 
    1   8.9661212799999994  3.5060237900000000 11.1029321599999999 
    1   6.7219747300000003  0.3808806800000000  7.4403484500000001 
    8   6.7092971099999996  1.2807550299999999 10.5386978800000009 
    8   8.9794796899999998  2.5975976799999998 14.1889794400000007 
    1   6.7251800900000003  1.2899151200000001  9.5419435000000004 
    1   8.9647533700000004  2.5859425400000000 13.2081432099999994 
    1   7.5122334300000002  1.7543454000000001 10.8341630099999993 
    1   8.1698843100000005  2.1366465300000002 14.4888740200000008 
    8  11.1870501400000002  6.4598845300000001  4.1255190900000001 
    8   8.9785246599999997  5.1858468200000001  0.4629666400000000 
    1  11.9979765799999996  6.0225215600000004  3.7896865700000002 
    1   8.1687728899999996  5.6253672200000002  0.1216503100000000 
    1  11.2004788299999998  7.3828962699999998  3.7834111400000001 
    1   8.9600099800000006  4.2702074500000000  0.1219530100000000 
    8   8.9389396600000008  5.1660312199999998  3.2099030700000002 
    8  11.2178457599999994  6.4875318499999999  6.8681774799999999 
    1   8.9558890600000005  5.1766280699999996  2.2280864299999998 
    1  11.2023338900000002  6.4716363399999999  5.8815397899999997 
    1   9.7484322599999995  5.6326296800000000  3.5125709899999999 
    1  10.4081760699999997  6.0111881900000004  7.1683107200000000 
    8  11.1806928899999996  6.4597758699999996 11.4346920999999995 
    8   8.9807079499999993  5.1896961299999997  7.7780822499999998 
    1  11.9966119399999993  6.0200168300000003 11.1006575499999993 
    1   8.1645449499999998  5.6316534100000002  7.4465141700000004 
    1  11.2081212099999998  7.3743581699999998 11.1022554600000003 
    1   8.9601854500000009  4.2647298500000002  7.4449861000000004 
    8   8.9383274499999992  5.1719735499999997 10.5238706299999993 
    8  11.2214232799999998  6.4831568700000002 14.1889616699999994 
    1   8.9594456699999991  5.1793171300000003  9.5452143500000002 
    1  11.2065885800000000  6.4728076000000003 13.2063363999999996 
    1   9.7537929600000002  5.6353523399999998 10.8322225000000003 
    1  10.4028489799999999  6.0137641899999998 14.4918710300000004 
