 3  1  1 E -0.0E+0 DE 0.0E+0( 1) 
 8.96536240000000006E+00 0.00000000000000000E+00 0.00000000000000000E+00 
 4.47614728695973607E+00 7.76800028506544038E+00 0.00000000000000000E+00 
 0.00000000000000000E+00 0.00000000000000000E+00 1.46387584600000000E+01 
  1 
 1.00000000000000000E+00 0.00000000000000000E+00 0.00000000000000000E+00 
 0.00000000000000000E+00 1.00000000000000000E+00 0.00000000000000000E+00 
 0.00000000000000000E+00 0.00000000000000000E+00 1.00000000000000000E+00 
 0.00000000000000000E+00 0.00000000000000000E+00 0.00000000000000000E+00 
       96 
    8   4.4657905700000002  2.5796245799999999  4.1179359299999998 
    8   2.2615499400000001  1.2996249799999999  0.4661382700000000 
    1   5.2783806799999997  2.1431198299999998  3.7829104299999998 
    1   1.4536855399999999  1.7455290500000000  0.1192423000000000 
    1   4.4822083900000003  3.5018454800000001  3.7828651999999998 
    1   2.2361125300000002  0.3802632100000000  0.1258141100000000 
    8   2.2276604700000000  1.2814438200000000  3.2117189000000002 
    8   4.5011349500000000  2.6002318099999999  6.8723596599999999 
    1   2.2425521200000000  1.2941692899999999  2.2236910100000000 
    1   4.4788728100000004  2.5869454799999998  5.8854761399999997 
    1   3.0318099699999999  1.7526577500000000  3.5106382599999999 
    1   3.6859424700000001  2.1318196199999999  7.1698430499999999 
    8   4.4570716299999997  2.5769612400000002 11.4385937099999992 
    8   2.2588301999999998  1.3020214299999999  7.7800846799999999 
    1   5.2748093500000000  2.1370170900000001 11.1036801500000006 
    1   1.4420585900000000  1.7471571600000000  7.4491322000000002 
    1   4.4816942199999996  3.5070064900000002 11.1044056100000006 
    1   2.2371697400000001  0.3811893500000000  7.4460579999999998 
    8   2.2211101300000000  1.2826353300000000 10.5289905099999999 
    8   4.4976250899999997  2.5954312700000002 14.1913153500000000 
    1   2.2412867699999999  1.2964644999999999  9.5462794599999992 
    1   4.4814977000000003  2.5779933000000002 13.2044590500000005 
    1   3.0301901600000001  1.7544486200000000 10.8351278900000008 
    1   3.6914943299999998  2.1273427100000002 14.4870886599999995 
    8   6.6995471400000000  6.4614597299999996  4.1244801700000000 
    8   4.4963513800000001  5.1890822900000000  0.4646601900000000 
    1   7.5077030599999999  6.0172334200000002  3.7880422999999999 
    1   3.6899629799999998  5.6333087900000001  0.1205604400000000 
    1   6.7259031100000000  7.3918481199999997  3.7828663900000001 
    1   4.4663383600000000  4.2662788000000003  0.1221792400000000 
    8   4.4625366399999997  5.1633857000000001  3.2106792600000000 
    8   6.7385183599999996  6.4821282599999996  6.8707910999999999 
    1   4.4737244599999997  5.1809344800000003  2.2237843900000001 
    1   6.7161134100000002  6.4714386700000004  5.8819265900000000 
    1   5.2695821000000000  5.6376459399999996  3.5122528000000002 
    1   5.9312581900000003  6.0111752599999999  7.1747431500000003 
    8   6.7034755099999996  6.4652620000000001 11.4319631099999999 
    8   4.4990781300000000  5.1939098299999999  7.7871373500000001 
    1   7.5083841600000003  6.0167518299999996 11.1053191800000004 
    1   3.6841592400000001  5.6352574400000002  7.4342661300000001 
    1   6.7248763000000000  7.3912567300000003 11.0994138099999997 
    1   4.4699679699999999  4.2644328299999996  7.4397107099999999 
    8   4.4557484900000004  5.1700690399999996 10.5263220700000009 
    8   6.7411565500000004  6.4857794400000000 14.1889960100000003 
    1   4.4822266400000004  5.1769927500000001  9.5500397199999991 
    1   6.7120757099999997  6.4711553799999999 13.2027270699999999 
    1   5.2700349900000001  5.6376208999999999 10.8237172600000005 
    1   5.9271348699999997  6.0199777200000000 14.4858885599999994 
    8   8.9450324000000005  2.5796693899999998  4.1211708600000003 
    8   6.7345649600000002  1.3050994000000000  0.4601328900000000 
    1   9.7536957700000002  2.1388971400000001  3.7816485000000002 
    1   5.9255412900000000  1.7502032900000000  0.1224588500000000 
    1   8.9664248099999995  3.5001562399999999  3.7793808699999998 
    1   6.7212270900000002  0.3863280700000000  0.1171126300000000 
    8   6.7025883999999998  1.2838526400000001  3.2108338900000000 
    8   8.9846202900000005  2.5980742999999999  6.8635549800000000 
    1   6.7292905599999999  1.2990322400000001  2.2255886199999999 
    1   8.9617960100000005  2.5936328999999998  5.8810271900000002 
    1   7.5115143299999998  1.7513945000000000  3.5094326300000001 
    1   8.1756672399999992  2.1352678799999998  7.1674563100000004 
    8   8.9435310700000006  2.5760966399999998 11.4414816699999999 
    8   6.7434587500000003  1.3075534099999999  7.7833481799999999 
    1   9.7543266400000004  2.1336792199999999 11.1019679599999996 
    1   5.9226030300000003  1.7517750999999999  7.4464964599999997 
    1   8.9654862099999999  3.4932261800000002 11.1016602300000002 
    1   6.7179398199999998  0.3794237400000000  7.4410544800000000 
    8   6.6998725600000002  1.2785278499999999 10.5328108199999999 
    8   8.9793873299999998  2.5947610499999998 14.1928512799999993 
    1   6.7233442400000003  1.2914368500000000  9.5465227800000001 
    1   8.9676223099999994  2.5848041199999998 13.2052139499999992 
    1   7.5119166499999999  1.7559151399999999 10.8282920300000001 
    1   8.1783099200000002  2.1297394299999999 14.4875460000000000 
    8  11.1802045200000002  6.4570039599999998  4.1219554299999999 
    8   8.9827815100000006  5.1881036399999996  0.4578383300000000 
    1  11.9903417799999996  6.0225353000000004  3.7850575399999999 
    1   8.1696714000000004  5.6347183500000000  0.1247338800000000 
    1  11.2038968499999996  7.3855358899999999  3.7858725999999998 
    1   8.9591991899999996  4.2676144300000001  0.1183199400000000 
    8   8.9440801000000008  5.1682372699999997  3.2056886499999999 
    8  11.2225926699999992  6.4837241900000002  6.8617287100000004 
    1   8.9633467099999997  5.1797671200000002  2.2263413100000000 
    1  11.2053137199999995  6.4680888500000000  5.8859815800000002 
    1   9.7542778699999992  5.6375805799999998  3.5114752199999999 
    1  10.4071204000000002  6.0182886499999997  7.1700414900000000 
    8  11.1835822599999997  6.4610241799999999 11.4392715099999993 
    8   8.9801453099999993  5.1922591000000002  7.7859612399999998 
    1  11.9925699699999999  6.0173110300000001 11.1006650800000006 
    1   8.1737430500000006  5.6261036200000003  7.4380420300000001 
    1  11.2078559400000000  7.3822956499999997 11.1107030400000006 
    1   8.9563855500000003  4.2715387099999997  7.4403284500000000 
    8   8.9373214300000008  5.1672954500000001 10.5213278599999995 
    8  11.2168832500000004  6.4873692500000004 14.1913478400000006 
    1   8.9597816399999992  5.1846983299999998  9.5467819600000006 
    1  11.2008257800000006  6.4738483100000002 13.2021409199999997 
    1   9.7454012799999994  5.6289909700000003 10.8316840200000009 
    1  10.4068761799999994  6.0104228900000001 14.4884998599999992 
