 3  1  1 E -0.0E+0 DE 0.0E+0( 1) 
 8.96536240000000006E+00 0.00000000000000000E+00 0.00000000000000000E+00 
 4.47614728695973607E+00 7.76800028506544038E+00 0.00000000000000000E+00 
 0.00000000000000000E+00 0.00000000000000000E+00 1.46387584600000000E+01 
  1 
 1.00000000000000000E+00 0.00000000000000000E+00 0.00000000000000000E+00 
 0.00000000000000000E+00 1.00000000000000000E+00 0.00000000000000000E+00 
 0.00000000000000000E+00 0.00000000000000000E+00 1.00000000000000000E+00 
 0.00000000000000000E+00 0.00000000000000000E+00 0.00000000000000000E+00 
       96 
    8   4.4606930199999999  2.5796625999999998  4.1258068200000002 
    8   2.2594573900000001  1.3045560599999999  0.4598378900000000 
    1   5.2728466799999998  2.1417347200000001  3.7847272300000001 
    1   1.4497199199999999  1.7490266500000000  0.1221871000000000 
    1   4.4828119099999997  3.5007818600000000  3.7822782799999999 
    1   2.2354559900000002  0.3847601300000000  0.1251185300000000 
    8   2.2174610900000000  1.2815169200000001  3.2130974299999999 
    8   4.4940918300000003  2.6036356199999999  6.8712694599999997 
    1   2.2376513500000001  1.2966715099999999  2.2264697299999998 
    1   4.4806134100000001  2.5859462700000000  5.8823871499999996 
    1   3.0336038799999998  1.7508939500000000  3.5130019600000000 
    1   3.6897365799999999  2.1316014800000000  7.1696544700000002 
    8   4.4617837700000003  2.5752209300000000 11.4396414300000000 
    8   2.2532747700000000  1.3059254400000000  7.7800845699999996 
    1   5.2765012300000000  2.1410229500000000 11.1056761200000000 
    1   1.4416709700000001  1.7499604700000000  7.4536087000000002 
    1   4.4879401300000001  3.5065452399999999 11.1034088400000002 
    1   2.2333244200000002  0.3852592200000000  7.4426839500000002 
    8   2.2206989799999999  1.2805742499999999 10.5265788800000006 
    8   4.5024194299999998  2.6046617200000002 14.1878883299999998 
    1   2.2389360100000002  1.2976762399999999  9.5448822000000000 
    1   4.4771694599999998  2.5896321900000001 13.2045321500000004 
    1   3.0319044300000000  1.7538750999999999 10.8350492700000007 
    1   3.6900849999999998  2.1278506799999999 14.4890913000000001 
    8   6.7034427499999998  6.4638194599999999  4.1268472799999998 
    8   4.4927611599999997  5.1891569000000004  0.4639327000000000 
    1   7.5128526899999999  6.0217424399999997  3.7845301500000001 
    1   3.6882142400000002  5.6274019300000004  0.1255146100000000 
    1   6.7259880100000000  7.3864609899999998  3.7817347500000000 
    1   4.4763835399999996  4.2669400499999997  0.1262888200000000 
    8   4.4615916799999997  5.1607009300000000  3.2061301900000001 
    8   6.7406060300000004  6.4797653000000004  6.8654887499999999 
    1   4.4837791100000004  5.1708847699999998  2.2231014899999999 
    1   6.7159919300000004  6.4670762699999997  5.8847065199999999 
    1   5.2754409999999998  5.6391603999999997  3.5056182200000001 
    1   5.9207789699999998  6.0158601999999997  7.1724599900000001 
    8   6.6958799100000004  6.4641467199999996 11.4430829599999999 
    8   4.4977196900000003  5.1914569500000001  7.7835479300000001 
    1   7.5145390299999999  6.0263970899999997 11.1002323900000004 
    1   3.6855899600000002  5.6317875199999996  7.4488313499999999 
    1   6.7201500899999997  7.3871183599999997 11.1029316500000004 
    1   4.4720300499999999  4.2678901400000004  7.4450703400000000 
    8   4.4583347699999996  5.1687568600000002 10.5349088799999997 
    8   6.7387706200000004  6.4810244299999997 14.1894131699999999 
    1   4.4820487000000000  5.1767515499999996  9.5458428499999997 
    1   6.7203312400000002  6.4744932100000003 13.2055937599999993 
    1   5.2688709800000000  5.6379586000000002 10.8262785299999997 
    1   5.9300227899999998  6.0165735800000002 14.4887668299999994 
    8   8.9503420800000004  2.5803715800000000  4.1233370100000002 
    8   6.7395661899999997  1.3082000800000000  0.4617030500000000 
    1   9.7585292799999994  2.1339677199999998  3.7896500500000001 
    1   5.9291343699999999  1.7469604700000001  0.1286687100000000 
    1   8.9642360599999993  3.5064076100000001  3.7888020000000000 
    1   6.7149787999999999  0.3777902600000000  0.1248212700000000 
    8   6.7076975100000000  1.2821935400000000  3.2088629000000002 
    8   8.9836063900000003  2.5970251400000000  6.8679509300000001 
    1   6.7286535599999997  1.2955555100000000  2.2234652100000001 
    1   8.9575845500000000  2.5887344400000001  5.8852751799999998 
    1   7.5175482100000002  1.7514975399999999  3.5144479400000002 
    1   8.1714781500000004  2.1285212200000001  7.1729826000000001 
    8   8.9451563400000005  2.5812900000000001 11.4428236699999992 
    8   6.7388393100000004  1.3067265200000000  7.7766992500000001 
    1   9.7530323800000005  2.1401572199999999 11.1093261699999992 
    1   5.9337745300000000  1.7499576999999999  7.4493582399999996 
    1   8.9672239400000002  3.5091343199999998 11.1012629999999994 
    1   6.7212866599999996  0.3828671700000000  7.4413824699999997 
    8   6.7035137599999999  1.2808809400000001 10.5279734200000004 
    8   8.9824584800000000  2.5978990199999998 14.1910566899999999 
    1   6.7239406800000001  1.2990327200000000  9.5454508699999998 
    1   8.9657334300000002  2.5857574500000000 13.2037960800000000 
    1   7.5158627500000001  1.7545201800000001 10.8272751899999999 
    1   8.1735311100000008  2.1323201500000000 14.4846963800000008 
    8  11.1842645100000002  6.4664687299999999  4.1227872100000003 
    8   8.9801092400000009  5.1875021099999996  0.4593295000000000 
    1  11.9917995800000003  6.0194037099999997  3.7906083200000000 
    1   8.1709790299999998  5.6292009900000002  0.1256507900000000 
    1  11.2050406799999998  7.3846796899999996  3.7773657400000000 
    1   8.9554843200000001  4.2632098599999999  0.1232677900000000 
    8   8.9468609699999995  5.1740153700000002  3.2038085600000001 
    8  11.2109028300000002  6.4807858100000004  6.8705821599999997 
    1   8.9577203500000007  5.1751325899999996  2.2241514800000002 
    1  11.2010526899999991  6.4701518399999998  5.8899815699999998 
    1   9.7578294700000008  5.6372606899999997  3.5085333799999998 
    1  10.4102304900000000  6.0128182199999998  7.1703144200000004 
    8  11.1830269799999993  6.4658850499999998 11.4448989200000000 
    8   8.9802988300000006  5.1909180599999996  7.7820564499999998 
    1  11.9966186199999996  6.0159117300000000 11.0976430500000003 
    1   8.1746613999999997  5.6356877499999998  7.4433115499999998 
    1  11.2046387599999999  7.3862445599999997 11.1022936300000001 
    1   8.9565135100000006  4.2764181700000004  7.4400168799999999 
    8   8.9420336200000001  5.1665766299999998 10.5354645999999992 
    8  11.2237191299999992  6.4850752600000003 14.1855268100000007 
    1   8.9594992700000002  5.1763364300000001  9.5438346299999992 
    1  11.2037433800000006  6.4727050699999999 13.2044756099999994 
    1   9.7547750400000002  5.6408790900000003 10.8303935700000000 
    1  10.4147945300000000  6.0196499599999997 14.4897763400000006 
