 3  1  1 E -0.0E+0 DE 0.0E+0( 1) 
 8.96536240000000006E+00 0.00000000000000000E+00 0.00000000000000000E+00 
 4.47614728695973607E+00 7.76800028506544038E+00 0.00000000000000000E+00 
 0.00000000000000000E+00 0.00000000000000000E+00 1.46387584600000000E+01 
  1 
 1.00000000000000000E+00 0.00000000000000000E+00 0.00000000000000000E+00 
 0.00000000000000000E+00 1.00000000000000000E+00 0.00000000000000000E+00 
 0.00000000000000000E+00 0.00000000000000000E+00 1.00000000000000000E+00 
 0.00000000000000000E+00 0.00000000000000000E+00 0.00000000000000000E+00 
       96 
    8   4.4588220099999996  2.5759868799999999  4.1183357400000000 
    8   2.2629497600000001  1.3084731300000001  0.4643299600000000 
    1   5.2700060400000002  2.1331176300000001  3.7829625999999998 
    1   1.4454391499999999  1.7512527000000000  0.1284012400000000 
    1   4.4872219099999997  3.5027795400000001  3.7867990300000001 
    1   2.2316409799999999  0.3901293800000000  0.1202805100000000 
    8   2.2200300400000001  1.2887050200000001  3.2060702800000001 
    8   4.4965867299999998  2.6043181400000002  6.8646378700000001 
    1   2.2357447300000000  1.2957722300000001  2.2280461800000002 
    1   4.4829555499999998  2.5871700600000000  5.8870725500000001 
    1   3.0272432999999999  1.7581938100000001  3.5125048600000000 
    1   3.6897520199999998  2.1360069699999999  7.1702457300000004 
    8   4.4604815899999997  2.5787245400000001 11.4373365400000004 
    8   2.2602516600000002  1.3054669500000000  7.7837485099999997 
    1   5.2712006499999999  2.1421789499999999 11.1039272300000000 
    1   1.4464956800000000  1.7477044799999999  7.4446369399999996 
    1   4.4809601299999997  3.5053653200000001 11.0999317699999995 
    1   2.2322795300000000  0.3782374500000000  7.4472641700000004 
    8   2.2176772200000001  1.2853353999999999 10.5357567700000008 
    8   4.4992728900000003  2.5965446900000000 14.1888595899999999 
    1   2.2373128300000000  1.2933321400000000  9.5501645300000000 
    1   4.4753453900000002  2.5951552200000001 13.2087284900000004 
    1   3.0385909500000001  1.7535009399999999 10.8359107100000003 
    1   3.6906393700000000  2.1274330300000002 14.4875523200000007 
    8   6.6980418300000002  6.4634964200000002  4.1215889099999998 
    8   4.5006764400000003  5.1890757900000004  0.4594837800000000 
    1   7.5153122799999998  6.0239215699999997  3.7791621599999998 
    1   3.6822074100000002  5.6312481600000002  0.1213530700000000 
    1   6.7247243599999997  7.3895567399999997  3.7860217100000000 
    1   4.4764464700000000  4.2636052800000002  0.1188718500000000 
    8   4.4575981400000000  5.1718648700000003  3.2085408100000001 
    8   6.7378629800000001  6.4862141199999996  6.8702598999999998 
    1   4.4777576300000002  5.1762749000000001  2.2258426099999999 
    1   6.7234742199999999  6.4744478900000004  5.8856564699999998 
    1   5.2685979300000003  5.6374018899999996  3.5118850899999998 
    1   5.9262992499999996  6.0210227300000003  7.1678230200000002 
    8   6.6990427500000003  6.4642406799999996 11.4461438700000002 
    8   4.5015327100000002  5.1857517800000004  7.7794540300000001 
    1   7.5075428999999998  6.0219479099999997 11.1066031400000007 
    1   3.6808641600000001  5.6299281199999998  7.4458960699999999 
    1   6.7207668199999997  7.3924394700000002 11.1036389199999999 
    1   4.4788300300000001  4.2635208799999997  7.4430626999999996 
    8   4.4554127799999996  5.1629980900000003 10.5310194300000006 
    8   6.7346248700000002  6.4806019199999998 14.1922677200000003 
    1   4.4779373299999996  5.1844181300000001  9.5452050800000006 
    1   6.7202966999999996  6.4723034400000001 13.2058794800000001 
    1   5.2696429399999998  5.6359136200000002 10.8283289699999994 
    1   5.9296536599999996  6.0156142299999997 14.4881123400000007 
    8   8.9425212399999996  2.5822698900000001  4.1263465500000001 
    8   6.7468608300000001  1.3014388500000000  0.4583747400000000 
    1   9.7576469899999996  2.1368677100000002  3.7869023099999999 
    1   5.9302262900000002  1.7454886900000000  0.1239737900000000 
    1   8.9623747500000004  3.5066050099999999  3.7822286900000002 
    1   6.7213261400000004  0.3854764100000000  0.1227126100000000 
    8   6.7020324400000000  1.2826629400000000  3.2144896100000002 
    8   8.9844258499999992  2.6057782100000000  6.8708335700000003 
    1   6.7222783899999996  1.3009657800000001  2.2222134200000001 
    1   8.9652785999999995  2.5879617300000000  5.8876958000000004 
    1   7.5125239800000001  1.7573354500000000  3.5107436900000000 
    1   8.1707881600000007  2.1317042200000000  7.1667152200000004 
    8   8.9447885700000000  2.5759547399999998 11.4374457100000004 
    8   6.7449344800000004  1.3096131200000001  7.7813050500000003 
    1   9.7545529700000007  2.1342706800000002 11.1041885100000002 
    1   5.9326709700000002  1.7509471299999999  7.4469903999999998 
    1   8.9702310300000008  3.5048341800000000 11.1106826999999999 
    1   6.7188282499999996  0.3823026000000000  7.4397626499999996 
    8   6.6954583899999998  1.2860148700000000 10.5296950599999999 
    8   8.9804372299999997  2.6014290600000001 14.1900969700000008 
    1   6.7262029400000003  1.2977090000000000  9.5466586299999996 
    1   8.9609434399999994  2.5895767099999998 13.2043203699999996 
    1   7.5126817900000002  1.7512481000000000 10.8242633000000001 
    1   8.1724232499999996  2.1310136599999998 14.4907756100000000 
    8  11.1791028099999998  6.4634449700000003  4.1192028000000001 
    8   8.9748400799999999  5.1946788100000001  0.4626484500000000 
    1  11.9953432400000004  6.0206842900000002  3.7873742099999999 
    1   8.1708917200000002  5.6258327599999998  0.1265254000000000 
    1  11.2075541800000007  7.3846321000000001  3.7876255400000001 
    1   8.9569782599999996  4.2653850699999998  0.1237465300000000 
    8   8.9441707499999996  5.1672070000000003  3.2083649099999998 
    8  11.2208410599999997  6.4885861800000004  6.8698469600000003 
    1   8.9619008400000002  5.1791327899999997  2.2232914099999999 
    1  11.1999348899999998  6.4782425999999997  5.8835982099999997 
    1   9.7521701699999994  5.6368853500000000  3.5074780300000001 
    1  10.4097614800000002  6.0184267499999997  7.1720094400000001 
    8  11.1837472400000006  6.4646845600000002 11.4394056099999997 
    8   8.9865606800000002  5.1895396399999996  7.7763829299999996 
    1  11.9923328500000004  6.0090794599999997 11.1013372399999994 
    1   8.1664451899999992  5.6344720700000002  7.4437075500000001 
    1  11.2083142900000006  7.3888674099999996 11.1064656999999993 
    1   8.9546787299999995  4.2622521200000003  7.4437519900000000 
    8   8.9398056900000000  5.1688188600000000 10.5313264499999999 
    8  11.2229166899999999  6.4857852200000004 14.1865998199999996 
    1   8.9668852500000007  5.1812447300000004  9.5441453599999999 
    1  11.1999860400000006  6.4712336700000002 13.2025981300000002 
    1   9.7545200500000000  5.6325341599999996 10.8214798099999996 
    1  10.4052628600000006  6.0117354599999997 14.4919284099999999 
