 3  1  1 E -0.0E+0 DE 0.0E+0( 1) 
 8.96536240000000006E+00 0.00000000000000000E+00 0.00000000000000000E+00 
 4.47614728695973607E+00 7.76800028506544038E+00 0.00000000000000000E+00 
 0.00000000000000000E+00 0.00000000000000000E+00 1.46387584600000000E+01 
  1 
 1.00000000000000000E+00 0.00000000000000000E+00 0.00000000000000000E+00 
 0.00000000000000000E+00 1.00000000000000000E+00 0.00000000000000000E+00 
 0.00000000000000000E+00 0.00000000000000000E+00 1.00000000000000000E+00 
 0.00000000000000000E+00 0.00000000000000000E+00 0.00000000000000000E+00 
       96 
    8   4.4639589500000003  2.5758967699999999  4.1274865800000002 
    8   2.2619678599999999  1.3069203899999999  0.4597403100000000 
    1   5.2745739199999999  2.1363134100000001  3.7818221799999998 
    1   1.4445950999999999  1.7424281300000000  0.1306518400000000 
    1   4.4822644199999999  3.4994536500000000  3.7910667999999998 
    1   2.2361591800000000  0.3819089100000000  0.1219554400000000 
    8   2.2184347899999999  1.2816705799999999  3.2095154799999999 
    8   4.5028214799999997  2.6035493399999998  6.8675551099999996 
    1   2.2388990700000000  1.2916715700000001  2.2279933600000001 
    1   4.4813352000000002  2.5908844599999998  5.8797697400000004 
    1   3.0306953399999998  1.7557606100000001  3.5112238499999999 
    1   3.6902275300000000  2.1316813600000000  7.1669340400000001 
    8   4.4624820800000000  2.5805352699999999 11.4407820499999993 
    8   2.2627951500000001  1.3087776700000000  7.7841760200000003 
    1   5.2764487999999998  2.1419333300000001 11.1031707700000002 
    1   1.4427442800000001  1.7489775400000001  7.4411243999999996 
    1   4.4908285200000000  3.4998959300000001 11.1073514400000004 
    1   2.2329166200000001  0.3787800000000000  7.4487646900000000 
    8   2.2222985899999999  1.2835156299999999 10.5290072600000002 
    8   4.5004178200000000  2.5969766600000002 14.1894678299999999 
    1   2.2459937600000002  1.2972117500000000  9.5462355199999998 
    1   4.4808594499999996  2.5902398600000001 13.2030210100000005 
    1   3.0294759400000002  1.7516394799999999 10.8271814800000001 
    1   3.6854302900000002  2.1334367799999998 14.4878687300000006 
    8   6.6962432999999999  6.4657942899999998  4.1214783199999996 
    8   4.4959044500000003  5.1973080800000000  0.4602113600000000 
    1   7.5132896899999997  6.0207474999999997  3.7804089099999998 
    1   3.6883036699999998  5.6353696900000001  0.1244632300000000 
    1   6.7259649799999996  7.3863801100000002  3.7883263800000000 
    1   4.4769769799999999  4.2684449799999999  0.1232517000000000 
    8   4.4602903999999999  5.1601372400000001  3.2093114400000000 
    8   6.7401787500000001  6.4857869299999997  6.8690629799999998 
    1   4.4796192300000000  5.1720533599999996  2.2236862400000001 
    1   6.7203944499999997  6.4711424400000004  5.8846034300000003 
    1   5.2735318099999997  5.6324301600000002  3.5086689000000000 
    1   5.9312062799999996  6.0169142799999999  7.1696203199999999 
    8   6.6996127500000000  6.4653168100000000 11.4412229300000003 
    8   4.4943332399999996  5.1907264000000000  7.7823639399999998 
    1   7.5094493800000004  6.0265403299999996 11.1064195500000000 
    1   3.6912482899999999  5.6270995199999998  7.4434192799999996 
    1   6.7243390200000004  7.3880277500000000 11.1000736999999994 
    1   4.4729233900000001  4.2677857799999996  7.4409129800000002 
    8   4.4504803500000003  5.1656503699999998 10.5288596699999992 
    8   6.7390224900000000  6.4853715699999999 14.1868088500000002 
    1   4.4758849200000004  5.1807777499999998  9.5437606099999996 
    1   6.7201806800000004  6.4758385199999999 13.2033207899999994 
    1   5.2759397300000002  5.6365486499999999 10.8263880500000003 
    1   5.9235510199999997  6.0147472700000000 14.4919055199999995 
    8   8.9495617099999993  2.5813377300000000  4.1251429300000000 
    8   6.7420126399999996  1.3025891999999999  0.4699333200000000 
    1   9.7557739399999992  2.1318373500000001  3.7817504600000000 
    1   5.9322519700000003  1.7506259099999999  0.1238836300000000 
    1   8.9674514599999995  3.5043951999999998  3.7774073600000002 
    1   6.7159196400000001  0.3799017600000000  0.1306367100000000 
    8   6.7059337499999998  1.2822921000000000  3.2126904999999999 
    8   8.9840195900000008  2.6017525300000002  6.8654948899999999 
    1   6.7199646900000003  1.2963329600000000  2.2304832299999999 
    1   8.9619187599999997  2.5879372599999999  5.8850278300000003 
    1   7.5091037099999998  1.7498808500000000  3.5080265499999999 
    1   8.1769257500000005  2.1309917899999999  7.1718943399999997 
    8   8.9501351400000004  2.5789541400000000 11.4335635599999996 
    8   6.7365032400000002  1.3044190600000001  7.7807339500000001 
    1   9.7579644400000003  2.1398799600000000 11.1066219799999999 
    1   5.9286338299999999  1.7455258600000001  7.4428631200000002 
    1   8.9686274299999997  3.5047306300000001 11.1055583599999999 
    1   6.7219181700000004  0.3795349500000000  7.4412532200000001 
    8   6.7030147800000002  1.2859761999999999 10.5262905199999999 
    8   8.9799174500000003  2.6005178799999999 14.1846667100000001 
    1   6.7281094000000001  1.2932379300000001  9.5409206100000006 
    1   8.9604093700000007  2.5813613100000001 13.2033238399999995 
    1   7.5090927100000000  1.7500278800000000 10.8247254099999992 
    1   8.1717926399999996  2.1302405300000000 14.4868187499999994 
    8  11.1812605099999995  6.4580199499999997  4.1239103899999998 
    8   8.9777174899999999  5.1853298199999998  0.4598911200000000 
    1  11.9887635199999991  6.0195459700000002  3.7868908200000000 
    1   8.1698794299999999  5.6308487100000004  0.1213862100000000 
    1  11.2028448899999997  7.3844920600000004  3.7824029600000002 
    1   8.9594489999999993  4.2658035300000003  0.1212046400000000 
    8   8.9395211400000001  5.1640469600000003  3.2146033599999999 
    8  11.2237471299999996  6.4869036600000003  6.8677547199999998 
    1   8.9631319699999992  5.1827448900000004  2.2302323400000001 
    1  11.1981723300000002  6.4707591600000001  5.8877708300000000 
    1   9.7526241000000002  5.6392844999999996  3.5120652699999999 
    1  10.4049146500000003  6.0202409899999996  7.1686164500000000 
    8  11.1827535400000002  6.4628405600000001 11.4390775599999994 
    8   8.9764378800000006  5.1930796600000004  7.7865471099999999 
    1  11.9936134800000005  6.0280714900000003 11.1020698899999992 
    1   8.1655461599999999  5.6286747899999998  7.4438369599999996 
    1  11.2024196699999994  7.3834308399999999 11.1061832700000007 
    1   8.9541177100000002  4.2601924899999997  7.4430441199999997 
    8   8.9431975700000006  5.1642001899999999 10.5290973799999996 
    8  11.2246851200000002  6.4839616800000002 14.1914252699999999 
    1   8.9608401999999998  5.1862932400000004  9.5430268900000002 
    1  11.1974887899999995  6.4822617500000002 13.2027619800000000 
    1   9.7527057500000005  5.6351855999999998 10.8282116300000002 
    1  10.4114167500000008  6.0174910400000003 14.4917799600000006 
