 3  1  1 E -0.0E+0 DE 0.0E+0( 1) 
 8.96536240000000006E+00 0.00000000000000000E+00 0.00000000000000000E+00 
 4.47614728695973607E+00 7.76800028506544038E+00 0.00000000000000000E+00 
 0.00000000000000000E+00 0.00000000000000000E+00 1.46387584600000000E+01 
  1 
 1.00000000000000000E+00 0.00000000000000000E+00 0.00000000000000000E+00 
 0.00000000000000000E+00 1.00000000000000000E+00 0.00000000000000000E+00 
 0.00000000000000000E+00 0.00000000000000000E+00 1.00000000000000000E+00 
 0.00000000000000000E+00 0.00000000000000000E+00 0.00000000000000000E+00 
       96 
    8   4.4634757799999996  2.5811968900000002  4.1249751300000002 
    8   2.2556258100000002  1.3060380899999999  0.4584072000000000 
    1   5.2750792999999998  2.1363894700000001  3.7805334300000002 
    1   1.4450607700000000  1.7407389799999999  0.1185536200000000 
    1   4.4787783399999999  3.4992886500000000  3.7848417400000001 
    1   2.2364862699999999  0.3856440800000000  0.1214344600000000 
    8   2.2213418699999998  1.2818938000000000  3.2077410199999998 
    8   4.4943786699999997  2.6023001300000002  6.8672802800000001 
    1   2.2369264100000001  1.2972421500000000  2.2217145199999999 
    1   4.4821025600000004  2.5905891099999998  5.8826986899999998 
    1   3.0354136999999999  1.7550389600000000  3.5145007000000001 
    1   3.6882588699999999  2.1309518900000000  7.1708300600000001 
    8   4.4677883100000004  2.5777801000000000 11.4389908100000000 
    8   2.2565750200000001  1.3122144000000000  7.7814938299999996 
    1   5.2752629600000001  2.1376985899999998 11.1012205999999995 
    1   1.4500993499999999  1.7403084300000000  7.4436749100000004 
    1   4.4771382199999996  3.5043778400000001 11.1035222400000002 
    1   2.2358581800000001  0.3843498600000000  7.4420832600000004 
    8   2.2197241600000002  1.2885798300000000 10.5281014800000001 
    8   4.4993729699999996  2.6048680700000002 14.1921799199999992 
    1   2.2434121199999999  1.2974484200000000  9.5469701800000006 
    1   4.4799206299999996  2.5857322900000002 13.2076388199999997 
    1   3.0324210300000001  1.7524247200000000 10.8287683399999999 
    1   3.6947107300000002  2.1308600400000000 14.4840372100000003 
    8   6.7049722000000003  6.4682072799999997  4.1223712399999997 
    8   4.4920985800000004  5.1845184900000003  0.4668160900000000 
    1   7.5088198100000003  6.0213715399999996  3.7889286400000000 
    1   3.6823076200000000  5.6321045300000003  0.1236235500000000 
    1   6.7237882600000001  7.3879827499999999  3.7805265800000001 
    1   4.4736800600000004  4.2647445800000003  0.1196705600000000 
    8   4.4555133900000001  5.1738982299999998  3.2104873500000002 
    8   6.7410142500000001  6.4776129100000004  6.8697162499999997 
    1   4.4729870399999996  5.1788580199999998  2.2299443299999999 
    1   6.7150489799999997  6.4759548699999998  5.8863065099999998 
    1   5.2701924199999999  5.6370862199999996  3.5094209099999998 
    1   5.9256925899999997  6.0141374000000001  7.1670208799999999 
    8   6.6999852000000004  6.4627264400000000 11.4392335299999992 
    8   4.4953425700000000  5.1916782200000000  7.7842899399999999 
    1   7.5135302099999999  6.0236481900000003 11.1043654800000002 
    1   3.6899320300000000  5.6337721299999997  7.4414250400000004 
    1   6.7215954399999998  7.3813489700000003 11.1089222400000001 
    1   4.4776030899999997  4.2611815300000000  7.4414431600000004 
    8   4.4574294800000001  5.1693596800000003 10.5299573399999993 
    8   6.7364253500000002  6.4832117100000000 14.1865131499999997 
    1   4.4777768099999999  5.1865508800000004  9.5445994499999998 
    1   6.7210476999999997  6.4694428400000001 13.2012199300000006 
    1   5.2583999500000003  5.6358701699999996 10.8331255100000003 
    1   5.9290772599999997  6.0142960600000004 14.4872181900000001 
    8   8.9467506199999995  2.5854029600000001  4.1267934300000002 
    8   6.7423231000000001  1.3054254700000001  0.4652840400000000 
    1   9.7516543700000007  2.1357847200000002  3.7872399099999998 
    1   5.9304955300000000  1.7430960900000001  0.1276187900000000 
    1   8.9614511300000004  3.5046428900000000  3.7832212099999998 
    1   6.7211150000000002  0.3817615100000000  0.1209526200000000 
    8   6.7016953399999997  1.2849767999999999  3.2163556999999998 
    8   8.9824557600000006  2.5957824500000002  6.8640186200000004 
    1   6.7231282500000002  1.2948807400000000  2.2276980499999999 
    1   8.9630853899999998  2.5933540300000000  5.8862472400000003 
    1   7.5177901499999997  1.7456533200000000  3.5078619000000000 
    1   8.1714856800000000  2.1292240499999999  7.1748067400000002 
    8   8.9474946699999993  2.5763846400000001 11.4401428799999998 
    8   6.7470988700000003  1.3021551899999999  7.7825214200000001 
    1   9.7567037800000005  2.1377695000000001 11.1060669500000007 
    1   5.9286585000000001  1.7541007600000000  7.4421522500000004 
    1   8.9685422999999993  3.5030285700000001 11.0986606299999995 
    1   6.7207349399999998  0.3759037300000000  7.4439802500000001 
    8   6.7083243699999997  1.2811975400000000 10.5353505300000005 
    8   8.9804349000000006  2.5994227799999998 14.1914279600000004 
    1   6.7211389400000003  1.2944131200000000  9.5502320899999997 
    1   8.9602996200000007  2.5937163200000000 13.2066520100000009 
    1   7.5130981099999996  1.7535447000000000 10.8284415500000009 
    1   8.1677432599999999  2.1331357799999999 14.4860974299999992 
    8  11.1862422499999994  6.4588364800000004  4.1172542200000004 
    8   8.9803400500000006  5.1881981699999997  0.4646494300000000 
    1  11.9943369600000000  6.0191714799999998  3.7833372600000001 
    1   8.1690080900000002  5.6283225300000002  0.1218536700000000 
    1  11.2036944799999993  7.3830014300000002  3.7851172900000001 
    1   8.9574314699999995  4.2656551800000004  0.1235499300000000 
    8   8.9451352499999999  5.1653667299999997  3.2098039200000001 
    8  11.2165998600000005  6.4825120500000004  6.8721890600000002 
    1   8.9567073500000003  5.1773735199999997  2.2270387999999999 
    1  11.2063073000000006  6.4694288999999996  5.8884441900000004 
    1   9.7538937299999997  5.6365361600000004  3.5163808799999998 
    1  10.4067145599999993  6.0150603199999999  7.1673472100000000 
    8  11.1811191700000006  6.4562535900000002 11.4456032099999998 
    8   8.9776410700000007  5.1896338999999996  7.7809245499999999 
    1  11.9908026599999999  6.0237062699999999 11.1034752599999997 
    1   8.1725477299999998  5.6335364999999999  7.4429390399999997 
    1  11.2068009499999999  7.3800722399999996 11.1029081000000005 
    1   8.9593198800000007  4.2696902699999999  7.4435115600000001 
    8   8.9462650299999993  5.1644971599999998 10.5279328099999994 
    8  11.2215453899999993  6.4832533999999997 14.1905941599999998 
    1   8.9689345800000009  5.1801633400000000  9.5434398300000005 
    1  11.2067994700000000  6.4728933700000004 13.2060407400000006 
    1   9.7549121400000001  5.6394986999999999 10.8293433500000003 
    1  10.4073115600000001  6.0163254100000003 14.4858907000000006 
