 3  1  1 E -0.0E+0 DE 0.0E+0( 1) 
 8.96536240000000006E+00 0.00000000000000000E+00 0.00000000000000000E+00 
 4.47614728695973607E+00 7.76800028506544038E+00 0.00000000000000000E+00 
 0.00000000000000000E+00 0.00000000000000000E+00 1.46387584600000000E+01 
  1 
 1.00000000000000000E+00 0.00000000000000000E+00 0.00000000000000000E+00 
 0.00000000000000000E+00 1.00000000000000000E+00 0.00000000000000000E+00 
 0.00000000000000000E+00 0.00000000000000000E+00 1.00000000000000000E+00 
 0.00000000000000000E+00 0.00000000000000000E+00 0.00000000000000000E+00 
       96 
    8   4.4618365700000000  2.5793822799999999  4.1224862499999997 
    8   2.2581342900000001  1.3044141899999999  0.4609419000000000 
    1   5.2759903799999996  2.1339515100000002  3.7853518899999998 
    1   1.4444105599999999  1.7537961000000000  0.1220726500000000 
    1   4.4895857100000001  3.5013149800000001  3.7852104199999999 
    1   2.2375074300000000  0.3804667700000000  0.1266051400000000 
    8   2.2156501300000002  1.2839958100000000  3.2099724500000000 
    8   4.5014816299999998  2.5999983400000000  6.8655323700000004 
    1   2.2357063400000001  1.2908184899999999  2.2183311400000001 
    1   4.4842748600000002  2.5912892799999998  5.8840642299999999 
    1   3.0324632399999998  1.7486680999999999  3.5015380000000000 
    1   3.6898070999999999  2.1272049700000002  7.1700286300000000 
    8   4.4601107300000002  2.5817161899999999 11.4454241000000003 
    8   2.2514010899999999  1.3085832700000000  7.7755066900000003 
    1   5.2741382799999998  2.1386430999999999 11.1010279799999996 
    1   1.4479278400000000  1.7447782100000000  7.4473264099999996 
    1   4.4861345200000002  3.4985714799999998 11.1038662299999995 
    1   2.2327321499999999  0.3823000400000000  7.4431404099999998 
    8   2.2206366800000001  1.2796532599999999 10.5304239800000001 
    8   4.4959269800000001  2.5998572200000001 14.1914435999999995 
    1   2.2430268400000002  1.2965420900000000  9.5457033899999999 
    1   4.4833051900000003  2.5858666600000002 13.2070843300000007 
    1   3.0329259999999998  1.7531247500000000 10.8279304700000001 
    1   3.6931333899999998  2.1321229700000002 14.4896645399999997 
    8   6.6977802000000004  6.4622880000000000  4.1199287099999999 
    8   4.5023635000000004  5.1884544799999999  0.4665013500000000 
    1   7.5148666500000001  6.0203328400000000  3.7830950500000000 
    1   3.6869990800000001  5.6322956499999997  0.1224779000000000 
    1   6.7222504499999998  7.3899901699999999  3.7880726999999998 
    1   4.4799363100000003  4.2633334600000001  0.1208371400000000 
    8   4.4538085799999996  5.1679508199999997  3.2123824900000000 
    8   6.7435015700000003  6.4870119300000004  6.8640612299999999 
    1   4.4756497499999996  5.1839171999999998  2.2254131799999999 
    1   6.7159008499999997  6.4718346100000002  5.8889485400000003 
    1   5.2702636900000002  5.6373012500000002  3.5105969799999999 
    1   5.9314744599999996  6.0123050899999999  7.1728500700000000 
    8   6.6996085699999997  6.4631901799999998 11.4399904200000009 
    8   4.4950930199999997  5.1924398800000002  7.7832511699999998 
    1   7.5144139399999998  6.0221241299999999 11.1029967200000002 
    1   3.6843637999999999  5.6331495599999997  7.4399049599999998 
    1   6.7198434400000000  7.3870954900000001 11.1044857500000003 
    1   4.4747378500000003  4.2598406200000003  7.4457460900000001 
    8   4.4629959699999997  5.1686050000000003 10.5334492100000006 
    8   6.7349999199999999  6.4848971300000002 14.1898227400000003 
    1   4.4731884600000003  5.1726843300000001  9.5480225200000000 
    1   6.7193150900000003  6.4733908900000001 13.2047892999999998 
    1   5.2760540999999996  5.6352907700000001 10.8349119700000003 
    1   5.9218245600000001  6.0159814500000000 14.4914200199999996 
    8   8.9430711600000006  2.5759849500000001  4.1271462999999997 
    8   6.7466991900000002  1.3023248999999999  0.4608670500000000 
    1   9.7536528400000009  2.1294826400000000  3.7777301300000001 
    1   5.9290086300000002  1.7455431400000001  0.1231581400000000 
    1   8.9652309999999993  3.5046272799999998  3.7829406600000000 
    1   6.7228412000000004  0.3792317300000000  0.1288473500000000 
    8   6.7022784599999996  1.2763384700000000  3.2108558999999999 
    8   8.9828650799999998  2.6037800500000001  6.8703898299999997 
    1   6.7246454800000004  1.2922449199999999  2.2274950499999999 
    1   8.9589788699999993  2.5828742000000000  5.8808907100000001 
    1   7.5155544599999997  1.7562201099999999  3.5072740599999999 
    1   8.1723186900000009  2.1275915400000001  7.1671500100000003 
    8   8.9453432500000005  2.5754524100000000 11.4381314599999993 
    8   6.7393056800000002  1.3079128300000000  7.7803740000000001 
    1   9.7589626099999993  2.1324904600000001 11.1036534899999992 
    1   5.9321475799999996  1.7486592999999999  7.4431793800000001 
    1   8.9646009800000002  3.5018929299999999 11.0991694400000007 
    1   6.7101169100000000  0.3783015300000000  7.4419614599999999 
    8   6.7023049500000003  1.2843056900000001 10.5251316199999998 
    8   8.9821731800000002  2.6041765500000000 14.1908227100000008 
    1   6.7248738399999999  1.2956631100000000  9.5466385200000001 
    1   8.9689806799999996  2.5894424300000001 13.1965361699999999 
    1   7.5089565599999997  1.7560686400000001 10.8320289400000007 
    1   8.1680948600000001  2.1341247800000001 14.4900452099999999 
    8  11.1857275800000000  6.4666872800000004  4.1219154900000001 
    8   8.9789287800000004  5.1891541700000001  0.4591844800000000 
    1  11.9965727399999995  6.0192128000000000  3.7845423800000000 
    1   8.1646958800000000  5.6346335500000002  0.1243346000000000 
    1  11.2081893099999998  7.3919127099999997  3.7814398599999999 
    1   8.9602907799999993  4.2667948400000002  0.1278231900000000 
    8   8.9437336999999992  5.1673884799999996  3.2098922100000000 
    8  11.2158259900000008  6.4811542700000002  6.8667723199999999 
    1   8.9625745499999994  5.1749342399999998  2.2215899200000000 
    1  11.1992450399999992  6.4774267600000002  5.8890693699999996 
    1   9.7476900799999999  5.6294692199999998  3.5068926700000000 
    1  10.4119159400000001  6.0192116200000001  7.1773362399999998 
    8  11.1823054499999994  6.4655292299999996 11.4395196099999996 
    8   8.9812698100000006  5.1814883600000003  7.7787386100000004 
    1  11.9942869699999992  6.0166100199999999 11.1102244399999996 
    1   8.1703334000000005  5.6306677799999996  7.4422418600000002 
    1  11.2021508000000001  7.3827829700000001 11.1011506099999995 
    1   8.9570086199999999  4.2655465299999999  7.4427893000000003 
    8   8.9410580399999997  5.1697553400000000 10.5324889099999996 
    8  11.2202114099999992  6.4841012899999999 14.1906207700000007 
    1   8.9624082999999999  5.1759613699999996  9.5462054500000004 
    1  11.2006721599999999  6.4712686399999999 13.2076744500000007 
    1   9.7590104499999999  5.6327309899999998 10.8352723799999993 
    1  10.4104114200000009  6.0104259100000004 14.4918689000000001 
