 3  1  1 E -0.0E+0 DE 0.0E+0( 1) 
 8.96536240000000006E+00 0.00000000000000000E+00 0.00000000000000000E+00 
 4.47614728695973607E+00 7.76800028506544038E+00 0.00000000000000000E+00 
 0.00000000000000000E+00 0.00000000000000000E+00 1.46387584600000000E+01 
  1 
 1.00000000000000000E+00 0.00000000000000000E+00 0.00000000000000000E+00 
 0.00000000000000000E+00 1.00000000000000000E+00 0.00000000000000000E+00 
 0.00000000000000000E+00 0.00000000000000000E+00 1.00000000000000000E+00 
 0.00000000000000000E+00 0.00000000000000000E+00 0.00000000000000000E+00 
       96 
    8   4.4609608200000004  2.5786055499999998  4.1233553599999997 
    8   2.2595116399999999  1.3017775100000000  0.4584379700000000 
    1   5.2726160699999998  2.1359715700000002  3.7839693300000001 
    1   1.4449449700000001  1.7450981699999999  0.1197045100000000 
    1   4.4771754000000001  3.5054897999999999  3.7852482599999999 
    1   2.2334711899999999  0.3778944500000000  0.1263195400000000 
    8   2.2249629099999999  1.2836381600000000  3.2108007800000000 
    8   4.5040508099999998  2.5986659200000002  6.8698075400000000 
    1   2.2386739699999998  1.2935325300000000  2.2295527300000000 
    1   4.4794526899999996  2.5901700399999998  5.8834659299999998 
    1   3.0266936499999999  1.7521616200000001  3.5112810400000001 
    1   3.6874620400000002  2.1353694900000000  7.1712992599999996 
    8   4.4682358000000004  2.5752874299999999 11.4395795800000002 
    8   2.2565105800000000  1.3056854200000001  7.7803087399999997 
    1   5.2739293099999998  2.1379639899999998 11.1078893399999998 
    1   1.4472959100000000  1.7446411200000000  7.4404968199999999 
    1   4.4872416499999996  3.5058784699999999 11.1035978199999992 
    1   2.2322152800000001  0.3764370400000000  7.4449239000000000 
    8   2.2185151500000000  1.2814573899999999 10.5226695499999998 
    8   4.4992240299999997  2.6021709799999999 14.1876873799999998 
    1   2.2416673700000000  1.2919692700000001  9.5466743100000002 
    1   4.4818472600000003  2.5844531100000001 13.2036144600000007 
    1   3.0341542600000002  1.7473060800000000 10.8290734600000000 
    1   3.6898056100000001  2.1295965099999998 14.4958418499999997 
    8   6.6972811600000002  6.4636248700000003  4.1199417599999997 
    8   4.5013969700000001  5.1906235299999999  0.4683654400000000 
    1   7.5095575600000002  6.0245541400000002  3.7788726600000002 
    1   3.6884904100000000  5.6314632700000002  0.1228144400000000 
    1   6.7162496000000003  7.3812930300000001  3.7892080699999999 
    1   4.4680358299999998  4.2636088000000001  0.1235551900000000 
    8   4.4644662100000003  5.1703279799999997  3.2181606500000002 
    8   6.7355499700000001  6.4866587999999998  6.8713735399999996 
    1   4.4796726600000003  5.1772265600000003  2.2258018000000002 
    1   6.7154902600000002  6.4829196400000004  5.8845651500000002 
    1   5.2747487900000003  5.6291707600000001  3.5064021900000002 
    1   5.9190511299999997  6.0172385300000002  7.1718207700000001 
    8   6.7016526699999996  6.4679948899999999 11.4437621000000007 
    8   4.4894279800000003  5.1931836200000001  7.7819654700000003 
    1   7.5085502300000000  6.0210274699999999 11.1032162299999992 
    1   3.6777921999999998  5.6325824400000002  7.4452764000000000 
    1   6.7240882900000001  7.3847758900000002 11.1034115399999997 
    1   4.4721333200000002  4.2618042000000003  7.4418193300000004 
    8   4.4582720100000000  5.1714150200000004 10.5250443300000001 
    8   6.7338832999999996  6.4793701700000002 14.1885873000000000 
    1   4.4776721200000003  5.1803631499999998  9.5414419600000002 
    1   6.7128751400000004  6.4728390999999998 13.2083525599999998 
    1   5.2650436300000001  5.6335663900000004 10.8313920299999999 
    1   5.9244545100000003  6.0142809699999997 14.4929216400000005 
    8   8.9375087900000008  2.5792075699999999  4.1262631100000000 
    8   6.7386532900000002  1.3118240200000000  0.4610269500000000 
    1   9.7591842700000004  2.1360190499999998  3.7831035599999998 
    1   5.9278459799999998  1.7472130900000000  0.1194713600000000 
    1   8.9663306899999995  3.5015309200000000  3.7846401599999999 
    1   6.7201269600000000  0.3772115100000000  0.1257441000000000 
    8   6.7037137400000004  1.2836557200000001  3.2062227100000000 
    8   8.9855751799999997  2.6035615600000002  6.8651218500000004 
    1   6.7173716399999996  1.2958805499999999  2.2291382700000000 
    1   8.9659173499999998  2.5883197000000000  5.8787506499999997 
    1   7.5131378299999998  1.7531097600000001  3.5102863399999999 
    1   8.1699109100000005  2.1290694399999999  7.1687775699999996 
    8   8.9427045399999994  2.5751158300000001 11.4393147299999995 
    8   6.7407147399999996  1.3042046199999999  7.7793141800000001 
    1   9.7564641299999995  2.1390974300000001 11.0990955499999995 
    1   5.9285557999999998  1.7494591600000000  7.4340775299999997 
    1   8.9619774400000001  3.5082689000000000 11.1039929799999992 
    1   6.7219786399999997  0.3817300900000000  7.4406356200000001 
    8   6.7015113700000004  1.2826087900000001 10.5255388700000001 
    8   8.9819630600000000  2.6010524099999999 14.1914382499999991 
    1   6.7254748199999996  1.2902856000000000  9.5414917599999995 
    1   8.9664319500000005  2.5904205800000000 13.2032899300000004 
    1   7.5162015699999998  1.7467664800000000 10.8303258800000002 
    1   8.1739487799999999  2.1324953299999998 14.4908988999999995 
    8  11.1841861199999997  6.4645756399999996  4.1208805599999998 
    8   8.9837855900000001  5.1863074500000002  0.4609348800000000 
    1  11.9903273099999996  6.0272313400000002  3.7800923000000002 
    1   8.1708409700000004  5.6272014700000001  0.1279394400000000 
    1  11.2021904499999998  7.3841505600000001  3.7792990700000000 
    1   8.9571346399999996  4.2709702500000004  0.1238173000000000 
    8   8.9457912600000000  5.1702950000000003  3.2076258800000002 
    8  11.2211063800000002  6.4813037700000002  6.8729279400000003 
    1   8.9628732299999996  5.1820308800000001  2.2287640199999998 
    1  11.2036845300000003  6.4720701900000002  5.8867390000000004 
    1   9.7520824200000007  5.6392004800000004  3.5055781900000000 
    1  10.4106643200000004  6.0112005100000001  7.1667937600000000 
    8  11.1803028100000006  6.4633941999999998 11.4476634300000004 
    8   8.9807000499999994  5.1924434599999998  7.7799865900000000 
    1  11.9909004199999991  6.0173852999999999 11.0990378100000004 
    1   8.1647491900000002  5.6332844000000000  7.4408831099999997 
    1  11.2034266999999996  7.3834664200000004 11.1037135399999993 
    1   8.9562174199999998  4.2702910100000002  7.4403601899999998 
    8   8.9486008600000009  5.1678272099999996 10.5289885800000000 
    8  11.2199323399999997  6.4890678299999998 14.1957194799999993 
    1   8.9591548400000001  5.1827790000000000  9.5494885499999995 
    1  11.2047193499999995  6.4729072099999998 13.2034827900000007 
    1   9.7569865799999995  5.6288506600000003 10.8269936100000006 
    1  10.4175632199999999  6.0154325399999999 14.4853252799999996 
