 3  1  1 E -0.0E+0 DE 0.0E+0( 1) 
 8.96536240000000006E+00 0.00000000000000000E+00 0.00000000000000000E+00 
 4.47614728695973607E+00 7.76800028506544038E+00 0.00000000000000000E+00 
 0.00000000000000000E+00 0.00000000000000000E+00 1.46387584600000000E+01 
  1 
 1.00000000000000000E+00 0.00000000000000000E+00 0.00000000000000000E+00 
 0.00000000000000000E+00 1.00000000000000000E+00 0.00000000000000000E+00 
 0.00000000000000000E+00 0.00000000000000000E+00 1.00000000000000000E+00 
 0.00000000000000000E+00 0.00000000000000000E+00 0.00000000000000000E+00 
       96 
    8   4.4585728600000003  2.5771107500000001  4.1198600299999999 
    8   2.2578022600000001  1.3075860399999999  0.4631959000000000 
    1   5.2725365999999996  2.1387203000000001  3.7799360200000001 
    1   1.4479524300000000  1.7512122900000000  0.1237933800000000 
    1   4.4863972900000002  3.5048833199999998  3.7883208599999998 
    1   2.2286588900000002  0.3724454800000000  0.1243715600000000 
    8   2.2122489100000000  1.2830367600000001  3.2150593999999999 
    8   4.4932033499999999  2.5998187000000001  6.8722667900000003 
    1   2.2402814000000002  1.2969596299999999  2.2271373900000002 
    1   4.4844150400000000  2.5905760700000000  5.8883167900000002 
    1   3.0279199900000000  1.7529950299999999  3.5094663300000000 
    1   3.6935572099999998  2.1240687600000001  7.1682465799999999 
    8   4.4651621500000003  2.5755831400000000 11.4377397100000007 
    8   2.2619565300000000  1.3090472500000001  7.7796012299999999 
    1   5.2720384800000000  2.1309754600000002 11.1037029399999998 
    1   1.4437058700000001  1.7470208800000000  7.4452219900000003 
    1   4.4849657799999996  3.5020725100000001 11.1052936100000004 
    1   2.2443567999999998  0.3831957500000000  7.4431667099999999 
    8   2.2183808900000002  1.2866778500000000 10.5263993399999993 
    8   4.5052970300000004  2.6019178799999998 14.1907733599999997 
    1   2.2443742900000001  1.2928503400000000  9.5464100599999995 
    1   4.4769515000000002  2.5887303699999999 13.2067932300000006 
    1   3.0332447500000002  1.7569718999999999 10.8265085400000007 
    1   3.6886121799999998  2.1290694900000000 14.4856406700000004 
    8   6.7001792699999996  6.4640905599999998  4.1174205400000004 
    8   4.4998105500000003  5.1877206500000002  0.4568357700000000 
    1   7.5100666299999999  6.0161204699999997  3.7882532800000002 
    1   3.6855118299999998  5.6363293499999996  0.1261936700000000 
    1   6.7217513699999998  7.3850339099999998  3.7820167900000001 
    1   4.4793064600000001  4.2685610799999996  0.1241961300000000 
    8   4.4621080400000004  5.1683690400000000  3.2099036700000001 
    8   6.7350643600000000  6.4867374099999999  6.8745484399999999 
    1   4.4772013499999996  5.1795343200000001  2.2277472999999999 
    1   6.7208236100000001  6.4676969099999999  5.8879958900000000 
    1   5.2696143299999996  5.6368238899999996  3.5168808600000001 
    1   5.9269634099999999  6.0136445099999998  7.1616856100000001 
    8   6.6978203000000001  6.4641336799999998 11.4370454499999994 
    8   4.4980178200000003  5.1919003100000003  7.7804544399999997 
    1   7.5075707700000001  6.0206667800000000 11.1019657400000007 
    1   3.6877777699999998  5.6295325800000002  7.4473833999999997 
    1   6.7265284300000001  7.3826567499999998 11.1031062600000006 
    1   4.4771324500000000  4.2731835800000004  7.4479854100000003 
    8   4.4589513099999998  5.1661144700000001 10.5363682799999996 
    8   6.7360473199999999  6.4920840300000000 14.1822073900000003 
    1   4.4799204899999996  5.1850760800000000  9.5424266600000003 
    1   6.7244172500000001  6.4745343899999996 13.2009606999999995 
    1   5.2758509099999999  5.6279627300000001 10.8287813800000006 
    1   5.9258611999999999  6.0150862800000002 14.4883583100000006 
    8   8.9408328800000003  2.5753164900000001  4.1149285700000000 
    8   6.7321902700000003  1.3094676500000000  0.4653159400000000 
    1   9.7575560299999999  2.1357029900000000  3.7800740300000002 
    1   5.9295771899999998  1.7496185700000000  0.1230933200000000 
    1   8.9641589600000007  3.5036984000000002  3.7842872600000002 
    1   6.7197552500000004  0.3823964600000000  0.1190419700000000 
    8   6.7038342100000001  1.2862399799999999  3.2086966100000001 
    8   8.9818049200000001  2.5933186400000001  6.8647782900000003 
    1   6.7233020899999998  1.2913664300000001  2.2297301200000001 
    1   8.9651117500000002  2.5939250999999999  5.8872750700000003 
    1   7.5150961399999998  1.7544411499999999  3.5042198800000000 
    1   8.1708354599999993  2.1261889400000000  7.1673668800000003 
    8   8.9439777399999993  2.5750513399999999 11.4350732900000001 
    8   6.7366637500000000  1.3040807699999999  7.7831225399999999 
    1   9.7565758000000002  2.1376180699999998 11.1075196100000007 
    1   5.9338266300000004  1.7542779900000001  7.4415661200000001 
    1   8.9698828400000004  3.4987706400000000 11.1054706200000002 
    1   6.7189723099999998  0.3812793700000000  7.4429445799999998 
    8   6.7025266200000004  1.2880295500000001 10.5251581499999993 
    8   8.9854360799999995  2.5962936600000002 14.1805827600000001 
    1   6.7262104300000001  1.2925899599999999  9.5385753799999993 
    1   8.9588450399999999  2.5886261699999999 13.2081965399999994 
    1   7.5138952999999997  1.7501541899999999 10.8371061100000006 
    1   8.1677076599999996  2.1249325400000001 14.4876492700000004 
    8  11.1802444100000002  6.4591607099999999  4.1190035900000002 
    8   8.9770719600000000  5.1941360200000002  0.4585531100000000 
    1  11.9905951700000006  6.0272912400000003  3.7818015599999999 
    1   8.1649764600000001  5.6356097500000004  0.1236826200000000 
    1  11.2064772399999999  7.3897440899999998  3.7822414800000002 
    1   8.9585930299999994  4.2658661400000000  0.1209805600000000 
    8   8.9453016900000009  5.1693084499999999  3.2045814600000000 
    8  11.2265948600000005  6.4870060100000000  6.8721434500000003 
    1   8.9590370600000000  5.1792836700000002  2.2245631900000000 
    1  11.2012979799999997  6.4783444100000001  5.8858295299999996 
    1   9.7494721099999992  5.6293857100000002  3.5101760000000000 
    1  10.4128767199999999  6.0182994499999998  7.1702909600000000 
    8  11.1768641899999999  6.4643399600000002 11.4401469400000000 
    8   8.9773691600000003  5.1918498599999996  7.7860217100000000 
    1  11.9879090900000005  6.0275672499999997 11.1013504899999997 
    1   8.1620609599999998  5.6325338000000000  7.4414373899999999 
    1  11.2032358100000007  7.3880402099999998 11.1012484600000008 
    1   8.9569373599999995  4.2721048399999999  7.4415456600000001 
    8   8.9453849600000002  5.1635049400000002 10.5299714600000005 
    8  11.2204595400000002  6.4876914599999997 14.1878795800000006 
    1   8.9640230200000008  5.1778382799999996  9.5503855200000007 
    1  11.1964822000000002  6.4767950599999997 13.2028951299999999 
    1   9.7529269799999998  5.6372153599999999 10.8277857799999992 
    1  10.4069030100000006  6.0177916199999997 14.4856737500000001 
