 3  1  1 E -0.0E+0 DE 0.0E+0( 1) 
 8.96536240000000006E+00 0.00000000000000000E+00 0.00000000000000000E+00 
 4.47614728695973607E+00 7.76800028506544038E+00 0.00000000000000000E+00 
 0.00000000000000000E+00 0.00000000000000000E+00 1.46387584600000000E+01 
  1 
 1.00000000000000000E+00 0.00000000000000000E+00 0.00000000000000000E+00 
 0.00000000000000000E+00 1.00000000000000000E+00 0.00000000000000000E+00 
 0.00000000000000000E+00 0.00000000000000000E+00 1.00000000000000000E+00 
 0.00000000000000000E+00 0.00000000000000000E+00 0.00000000000000000E+00 
       96 
    8   4.4616044900000000  2.5803693700000001  4.1211503799999996 
    8   2.2608499100000001  1.3008211599999999  0.4605075600000000 
    1   5.2749132899999998  2.1377836100000001  3.7813003400000000 
    1   1.4468176200000000  1.7507770300000001  0.1246054200000000 
    1   4.4854472500000000  3.5001043900000002  3.7837906200000000 
    1   2.2314868799999998  0.3803358600000000  0.1219332100000000 
    8   2.2182117799999999  1.2856665199999999  3.2114109599999998 
    8   4.4963167200000003  2.6035254900000000  6.8737961199999997 
    1   2.2376579500000000  1.2923955000000000  2.2202032799999998 
    1   4.4809549300000002  2.5934577499999998  5.8919956400000002 
    1   3.0300065799999998  1.7558290999999999  3.5108207600000001 
    1   3.6912889600000001  2.1335878300000002  7.1704513900000002 
    8   4.4576099800000000  2.5804752500000001 11.4422365900000003 
    8   2.2592330199999999  1.3023431200000000  7.7880068900000001 
    1   5.2744787799999999  2.1396036299999999 11.1061230099999992 
    1   1.4497607500000000  1.7498610900000000  7.4423867799999996 
    1   4.4817858499999996  3.5041625500000002 11.1020938400000002 
    1   2.2355097200000000  0.3798473200000000  7.4450209599999999 
    8   2.2220023800000002  1.2851751400000000 10.5255740800000002 
    8   4.4986446600000001  2.5996808699999998 14.1855069100000009 
    1   2.2440436099999999  1.2933094700000001  9.5489850399999998 
    1   4.4784422099999999  2.5872184900000001 13.2035111300000008 
    1   3.0282879100000000  1.7531278200000000 10.8291214399999998 
    1   3.6893827199999998  2.1376606599999999 14.4865389499999999 
    8   6.6961025000000003  6.4597635200000001  4.1245167199999999 
    8   4.4955128100000001  5.1875655199999997  0.4696656600000000 
    1   7.5121862100000003  6.0188246100000002  3.7846275199999999 
    1   3.6847856399999999  5.6274216199999998  0.1263731600000000 
    1   6.7220946000000001  7.3886498400000002  3.7882487800000000 
    1   4.4735386400000001  4.2627117800000001  0.1259724600000000 
    8   4.4553615100000004  5.1713193799999999  3.2097383800000001 
    8   6.7432694299999998  6.4884991799999998  6.8699434100000003 
    1   4.4802916899999996  5.1784848999999999  2.2221942700000001 
    1   6.7174010199999996  6.4694257100000003  5.8879526599999998 
    1   5.2708605000000004  5.6352292300000002  3.5102004700000000 
    1   5.9231616400000000  6.0156235899999997  7.1692502200000003 
    8   6.6969950100000002  6.4601193900000000 11.4400488500000002 
    8   4.4970147000000003  5.1856723499999999  7.7789153500000001 
    1   7.5114422500000000  6.0204174500000001 11.1051554800000005 
    1   3.6805088399999999  5.6302788799999997  7.4459699800000001 
    1   6.7212162299999996  7.3848799700000001 11.1000244800000001 
    1   4.4748202499999996  4.2695005100000003  7.4411802800000002 
    8   4.4550509600000003  5.1657975000000000 10.5285294500000006 
    8   6.7373954999999999  6.4833260099999999 14.1882789099999993 
    1   4.4776800999999997  5.1818850200000002  9.5435390000000009 
    1   6.7237208300000004  6.4750228900000000 13.2079825100000008 
    1   5.2695249100000003  5.6330735299999999 10.8253022800000007 
    1   5.9259272500000000  6.0170558600000001 14.4912052399999993 
    8   8.9420141700000002  2.5735241200000001  4.1198617999999998 
    8   6.7400509000000000  1.3018234099999999  0.4638726300000000 
    1   9.7553715200000006  2.1358759100000002  3.7767112500000000 
    1   5.9284184199999999  1.7465403799999999  0.1243015800000000 
    1   8.9665491599999996  3.4964553600000001  3.7820756599999998 
    1   6.7193914699999997  0.3808392100000000  0.1181130100000000 
    8   6.7077346200000001  1.2850203700000000  3.2112114400000000 
    8   8.9825427599999994  2.6041672400000002  6.8706505000000000 
    1   6.7172927400000004  1.2900057800000000  2.2210379300000000 
    1   8.9620169500000006  2.5932395499999998  5.8825060300000001 
    1   7.5140544900000004  1.7564775900000000  3.5105826699999998 
    1   8.1703672399999991  2.1270568500000002  7.1751092700000001 
    8   8.9440282100000008  2.5755886800000001 11.4401202899999994 
    8   6.7378290800000000  1.3054380100000000  7.7764037500000001 
    1   9.7577172099999991  2.1375458900000002 11.1039163199999997 
    1   5.9310146100000001  1.7490430299999999  7.4382887499999999 
    1   8.9652002399999997  3.5055717799999999 11.1007553399999992 
    1   6.7214285699999996  0.3830989500000000  7.4413581799999999 
    8   6.7011240299999999  1.2804079900000001 10.5274441099999994 
    8   8.9856024100000003  2.5963869100000001 14.1847815799999992 
    1   6.7181949100000002  1.2976438200000000  9.5463792600000001 
    1   8.9588414200000006  2.5909933100000000 13.2018571999999992 
    1   7.5190506299999997  1.7557301400000001 10.8323831399999992 
    1   8.1698112999999992  2.1323116999999998 14.4916049499999993 
    8  11.1808760899999999  6.4610391399999996  4.1187789400000003 
    8   8.9815602099999996  5.1880437800000001  0.4584950600000000 
    1  11.9953742400000003  6.0194676200000004  3.7809792500000001 
    1   8.1680701599999992  5.6381106299999999  0.1265949500000000 
    1  11.2057445700000002  7.3868150400000001  3.7852344000000002 
    1   8.9588377900000005  4.2697805100000004  0.1310623700000000 
    8   8.9409818899999998  5.1690298700000001  3.2130561399999999 
    8  11.2256437800000004  6.4846985899999998  6.8696753900000003 
    1   8.9618246199999998  5.1775923800000001  2.2291421400000000 
    1  11.2050159199999992  6.4723100000000002  5.8806820000000002 
    1   9.7597727899999995  5.6329293099999997  3.5096856299999999 
    1  10.4150391599999992  6.0111613400000001  7.1694880500000000 
    8  11.1852306800000001  6.4684487099999997 11.4384630200000004 
    8   8.9758902799999998  5.1898510900000003  7.7828570800000003 
    1  11.9913236800000007  6.0256282900000002 11.1034992500000005 
    1   8.1674888200000009  5.6381016400000004  7.4471981400000002 
    1  11.2015593800000008  7.3873669399999997 11.1024037300000007 
    1   8.9597902999999999  4.2617149699999999  7.4422208699999999 
    8   8.9407509899999997  5.1664129499999998 10.5286786100000000 
    8  11.2175220800000002  6.4854080900000000 14.1835963599999992 
    1   8.9604296699999999  5.1777000700000002  9.5471146099999995 
    1  11.2012477700000002  6.4753185899999997 13.2067856900000002 
    1   9.7503721700000003  5.6319661300000003 10.8261514000000005 
    1  10.4079503700000000  6.0213728399999997 14.4882201199999994 
