 3  1  1 E -0.0E+0 DE 0.0E+0( 1) 
 8.96536240000000006E+00 0.00000000000000000E+00 0.00000000000000000E+00 
 4.47614728695973607E+00 7.76800028506544038E+00 0.00000000000000000E+00 
 0.00000000000000000E+00 0.00000000000000000E+00 1.46387584600000000E+01 
  1 
 1.00000000000000000E+00 0.00000000000000000E+00 0.00000000000000000E+00 
 0.00000000000000000E+00 1.00000000000000000E+00 0.00000000000000000E+00 
 0.00000000000000000E+00 0.00000000000000000E+00 1.00000000000000000E+00 
 0.00000000000000000E+00 0.00000000000000000E+00 0.00000000000000000E+00 
       96 
    8   4.4604612699999997  2.5716098000000001  4.1247247500000004 
    8   2.2618795000000000  1.3026394100000001  0.4594247200000000 
    1   5.2754831400000004  2.1346310499999999  3.7842173300000002 
    1   1.4433925800000000  1.7486207100000000  0.1201217700000000 
    1   4.4881924499999997  3.5014554900000001  3.7796087599999999 
    1   2.2399965800000001  0.3782390300000000  0.1262025600000000 
    8   2.2218466800000001  1.2861714300000000  3.2106751099999999 
    8   4.5017869199999998  2.6022840600000001  6.8705021300000002 
    1   2.2353633099999999  1.2983320100000000  2.2225168399999999 
    1   4.4810032900000003  2.5912060200000000  5.8901161300000000 
    1   3.0327194300000002  1.7541707300000000  3.5080390700000001 
    1   3.6931005200000002  2.1268791399999998  7.1714843100000003 
    8   4.4678302600000004  2.5764996800000000 11.4482351300000005 
    8   2.2590476399999999  1.3022175199999999  7.7850743500000004 
    1   5.2721451200000002  2.1360044999999999 11.1086592000000000 
    1   1.4462313000000000  1.7497212099999999  7.4448615000000000 
    1   4.4873765499999996  3.5028175199999998 11.1068537200000002 
    1   2.2399741600000000  0.3825431500000000  7.4432574499999999 
    8   2.2205177599999999  1.2861173900000000 10.5353586999999997 
    8   4.4978111700000003  2.5978965600000001 14.1864432300000001 
    1   2.2395328000000001  1.2925914999999999  9.5453034199999998 
    1   4.4769303200000001  2.5916806200000000 13.2114748399999993 
    1   3.0284952600000001  1.7551881700000000 10.8305716000000007 
    1   3.6893832400000002  2.1343150999999998 14.4888422000000006 
    8   6.6963967599999998  6.4657172500000000  4.1221339099999996 
    8   4.4977231000000000  5.1866699199999999  0.4641818700000000 
    1   7.5173304600000002  6.0195772700000001  3.7844922400000001 
    1   3.6846728600000000  5.6352620199999999  0.1210176100000000 
    1   6.7232477499999996  7.3881792199999996  3.7734261899999999 
    1   4.4739735800000000  4.2684983100000000  0.1274601300000000 
    8   4.4559086399999996  5.1688654999999999  3.2091443900000001 
    8   6.7429407000000001  6.4865457199999996  6.8737351699999998 
    1   4.4783514799999997  5.1816073800000000  2.2227113400000000 
    1   6.7213231100000002  6.4720060300000002  5.8909466999999998 
    1   5.2697089200000002  5.6313562599999996  3.5074953899999999 
    1   5.9297430899999997  6.0139059200000000  7.1675451499999996 
    8   6.7012774400000001  6.4708326200000004 11.4422901699999997 
    8   4.5000086699999997  5.1910713700000004  7.7799505099999999 
    1   7.5102193300000000  6.0173141200000000 11.0999912900000002 
    1   3.6767971699999999  5.6279575199999998  7.4443338800000003 
    1   6.7223313200000003  7.3840790800000002 11.1029972899999994 
    1   4.4757361900000001  4.2635570400000002  7.4430511099999999 
    8   4.4609200199999997  5.1702852000000004 10.5266912200000000 
    8   6.7412515400000004  6.4826791300000002 14.1910880400000003 
    1   4.4776860999999997  5.1814222100000000  9.5486482099999996 
    1   6.7245027999999998  6.4708224999999997 13.2108082000000007 
    1   5.2731222200000003  5.6383932999999997 10.8235530299999994 
    1   5.9295185200000002  6.0116629899999996 14.4860567899999992 
    8   8.9460386399999994  2.5770845499999999  4.1222234499999999 
    8   6.7388992900000000  1.3026623799999999  0.4583587800000000 
    1   9.7520865899999993  2.1398157100000001  3.7911346699999999 
    1   5.9324690100000002  1.7453125500000000  0.1281860100000000 
    1   8.9627364000000007  3.5043239200000000  3.7831174800000000 
    1   6.7163257900000000  0.3795385400000000  0.1245964000000000 
    8   6.7025288800000000  1.2772319800000000  3.2097310999999999 
    8   8.9884930700000005  2.6026565599999998  6.8676767500000002 
    1   6.7157972800000003  1.2970959200000001  2.2264748499999998 
    1   8.9657851399999995  2.5889758100000000  5.8849987600000002 
    1   7.5161697299999997  1.7573212400000000  3.5108079299999999 
    1   8.1715226399999992  2.1293599799999998  7.1720567500000003 
    8   8.9393314000000004  2.5783739400000001 11.4475823999999999 
    8   6.7434740000000000  1.3037997699999999  7.7784165099999996 
    1   9.7532395800000007  2.1350037600000000 11.1053276299999997 
    1   5.9326783399999998  1.7438823100000000  7.4429828200000001 
    1   8.9641555600000000  3.5051551000000001 11.0973773300000005 
    1   6.7246644399999997  0.3764872400000000  7.4405566399999996 
    8   6.7060897400000004  1.2864582400000000 10.5317740799999999 
    8   8.9795376499999993  2.5998527700000000 14.1930835399999999 
    1   6.7229006000000000  1.2919666800000000  9.5466900700000004 
    1   8.9593223500000008  2.5929104199999999 13.2053340099999996 
    1   7.5104588699999999  1.7546728300000001 10.8331902400000004 
    1   8.1761030199999993  2.1301849300000000 14.4865812399999996 
    8  11.1849675899999994  6.4598192799999996  4.1138313799999997 
    8   8.9794768600000001  5.1873885900000003  0.4684581200000000 
    1  11.9935476899999998  6.0224483099999997  3.7849195400000002 
    1   8.1728738799999991  5.6342099799999996  0.1257825700000000 
    1  11.1966860500000003  7.3923903299999996  3.7842032300000001 
    1   8.9614040599999996  4.2642650000000000  0.1189751700000000 
    8   8.9465317700000000  5.1690642100000002  3.2154889999999998 
    8  11.2232477199999998  6.4837842900000000  6.8636526299999998 
    1   8.9602606100000006  5.1761392500000003  2.2218047400000001 
    1  11.2066637999999994  6.4698775800000003  5.8879088800000003 
    1   9.7599465900000002  5.6333851700000004  3.5105047300000001 
    1  10.4125937099999994  6.0181622299999997  7.1699795699999997 
    8  11.1890689499999993  6.4652003799999997 11.4396684499999992 
    8   8.9862014800000001  5.1898503399999996  7.7803790499999996 
    1  11.9949433299999999  6.0217716200000000 11.1045769100000005 
    1   8.1666436699999991  5.6325287199999998  7.4379338600000002 
    1  11.2049725599999999  7.3896129200000003 11.1031075799999996 
    1   8.9602395000000001  4.2599161399999996  7.4456028999999999 
    8   8.9477591400000005  5.1623777300000002 10.5301105600000007 
    8  11.2274720899999991  6.4850897800000000 14.1892693600000008 
    1   8.9621078300000008  5.1802739700000000  9.5478061400000005 
    1  11.2005781700000000  6.4703685200000001 13.2076565200000005 
    1   9.7501359900000004  5.6336945399999996 10.8291116400000007 
    1  10.4084547199999999  6.0161891399999998 14.4857564700000001 
