 3  1  1 E -0.0E+0 DE 0.0E+0( 1) 
 8.96536240000000006E+00 0.00000000000000000E+00 0.00000000000000000E+00 
 4.47614728695973607E+00 7.76800028506544038E+00 0.00000000000000000E+00 
 0.00000000000000000E+00 0.00000000000000000E+00 1.46387584600000000E+01 
  1 
 1.00000000000000000E+00 0.00000000000000000E+00 0.00000000000000000E+00 
 0.00000000000000000E+00 1.00000000000000000E+00 0.00000000000000000E+00 
 0.00000000000000000E+00 0.00000000000000000E+00 1.00000000000000000E+00 
 0.00000000000000000E+00 0.00000000000000000E+00 0.00000000000000000E+00 
       96 
    8   4.4620127500000004  2.5792822700000002  4.1204850999999998 
    8   2.2601214700000001  1.3058272300000000  0.4618587800000000 
    1   5.2738494600000001  2.1387396999999999  3.7838002700000000 
    1   1.4477863900000001  1.7470717700000000  0.1230789400000000 
    1   4.4847301000000002  3.5014227199999999  3.7836899700000002 
    1   2.2363774200000002  0.3822003200000000  0.1242624500000000 
    8   2.2219294399999998  1.2829685000000000  3.2095399100000002 
    8   4.4988841800000001  2.6000773399999999  6.8698766999999998 
    1   2.2407430800000001  1.2935911000000000  2.2270361200000002 
    1   4.4821243900000001  2.5899003100000000  5.8877329300000003 
    1   3.0314477800000001  1.7511104399999999  3.5085703600000002 
    1   3.6900293199999998  2.1322994099999999  7.1699831100000004 
    8   4.4620571000000000  2.5773859200000002 11.4437886700000000 
    8   2.2591069300000002  1.3055981299999999  7.7823790700000002 
    1   5.2736976899999997  2.1366928900000000 11.1022071600000007 
    1   1.4480096400000000  1.7494131600000000  7.4446534399999997 
    1   4.4854929600000002  3.5017675900000000 11.1020080300000004 
    1   2.2367292900000000  0.3817770700000000  7.4444022099999998 
    8   2.2191994300000002  1.2850080600000000 10.5290309999999998 
    8   4.4994360699999998  2.5995095199999998 14.1872237699999992 
    1   2.2408092599999998  1.2945865800000000  9.5442557800000003 
    1   4.4794736799999999  2.5891510900000001 13.2069043799999992 
    1   3.0319619800000002  1.7508519499999999 10.8294825600000006 
    1   3.6882605499999999  2.1289481600000002 14.4893636299999997 
    8   6.6996198400000004  6.4632077499999996  4.1238126399999997 
    8   4.4981779199999998  5.1892199899999998  0.4611675400000000 
    1   7.5138636800000000  6.0205283700000001  3.7836323300000001 
    1   3.6855876900000002  5.6317293599999996  0.1237844300000000 
    1   6.7213997499999998  7.3857320800000004  3.7835856500000000 
    1   4.4743852899999998  4.2650086399999996  0.1240352200000000 
    8   4.4587105600000001  5.1689826500000002  3.2071588100000001 
    8   6.7390280999999996  6.4857678600000002  6.8674260100000000 
    1   4.4777170399999999  5.1781419599999996  2.2247590000000002 
    1   6.7180645800000001  6.4723764499999996  5.8876084000000004 
    1   5.2712308900000000  5.6376267899999997  3.5110707500000000 
    1   5.9254778699999999  6.0151206699999999  7.1705280699999996 
    8   6.6986286499999999  6.4632245499999996 11.4411025899999999 
    8   4.4966765300000002  5.1901998400000000  7.7820975600000004 
    1   7.5109293499999996  6.0216284800000004 11.1019165700000002 
    1   3.6862277500000000  5.6321243799999996  7.4429984700000000 
    1   6.7222995499999998  7.3850278300000003 11.1039216599999992 
    1   4.4747438199999996  4.2651987599999996  7.4443570299999999 
    8   4.4582611999999999  5.1660702000000001 10.5276323800000000 
    8   6.7385425999999997  6.4832413400000002 14.1906334199999993 
    1   4.4759777999999999  5.1802098599999997  9.5457567599999997 
    1   6.7187456900000004  6.4729421000000000 13.2056345000000004 
    1   5.2702575800000000  5.6374585399999999 10.8298425300000005 
    1   5.9267572199999998  6.0152815799999999 14.4893609800000007 
    8   8.9447661299999996  2.5768012400000000  4.1206155000000004 
    8   6.7424021800000000  1.3056596000000000  0.4620900900000000 
    1   9.7559163099999999  2.1368165900000000  3.7830786399999998 
    1   5.9294410600000003  1.7477269799999999  0.1229504200000000 
    1   8.9669892200000003  3.5005762200000001  3.7846475599999998 
    1   6.7200088700000000  0.3819773700000000  0.1249114800000000 
    8   6.7052385699999997  1.2844928799999999  3.2079689100000000 
    8   8.9812645700000004  2.5998968100000002  6.8695254900000000 
    1   6.7231849500000003  1.2937875200000000  2.2263532800000001 
    1   8.9626945700000000  2.5888753599999998  5.8844494699999998 
    1   7.5139795300000003  1.7510034100000000  3.5093732000000002 
    1   8.1722681200000000  2.1306956499999998  7.1726710699999998 
    8   8.9449516500000001  2.5786962400000002 11.4404845599999998 
    8   6.7423592200000000  1.3049131000000000  7.7817753099999996 
    1   9.7584579599999994  2.1363729500000002 11.1041469100000008 
    1   5.9295161900000002  1.7474961400000000  7.4450788200000000 
    1   8.9659540000000000  3.5040912500000001 11.1037053900000000 
    1   6.7189738099999996  0.3823537500000000  7.4442805700000001 
    8   6.7041949100000000  1.2819082900000001 10.5284618699999992 
    8   8.9822966300000004  2.6004471900000001 14.1894992999999996 
    1   6.7228449899999996  1.2931779200000000  9.5459259400000001 
    1   8.9640605400000002  2.5900466700000000 13.2063161400000002 
    1   7.5157366899999998  1.7528142799999999 10.8296581399999994 
    1   8.1695535100000001  2.1320746599999998 14.4896256099999992 
    8  11.1828035499999991  6.4612347999999997  4.1208826299999997 
    8   8.9807857099999993  5.1894493199999996  0.4629555700000000 
    1  11.9939998400000007  6.0204989099999997  3.7845566900000001 
    1   8.1677769700000002  5.6316274000000002  0.1234665100000000 
    1  11.2042201200000004  7.3859697700000000  3.7838405399999999 
    1   8.9571311700000003  4.2669772400000001  0.1230341800000000 
    8   8.9414598699999992  5.1670389300000004  3.2112567599999999 
    8  11.2208143499999995  6.4855536200000001  6.8680138399999997 
    1   8.9610079799999998  5.1794030400000004  2.2262488000000000 
    1  11.2025890799999992  6.4729697300000000  5.8872654799999999 
    1   9.7552753100000000  5.6359924000000001  3.5099035700000001 
    1  10.4107415000000003  6.0172247600000004  7.1695158299999999 
    8  11.1821117900000004  6.4622297599999996 11.4399984600000000 
    8   8.9788139000000005  5.1884847399999998  7.7808855000000001 
    1  11.9939368300000009  6.0207033699999997 11.1045481299999995 
    1   8.1672946599999996  5.6325155999999996  7.4430940300000001 
    1  11.2046051500000008  7.3869537599999999 11.1018749099999994 
    1   8.9579923299999997  4.2658879399999998  7.4438004700000002 
    8   8.9419359099999998  5.1699339599999998 10.5285512699999995 
    8  11.2200867899999999  6.4838986299999997 14.1883231500000004 
    1   8.9601035400000004  5.1797024199999999  9.5469662500000005 
    1  11.2009528500000002  6.4726546699999998 13.2057067799999999 
    1   9.7524241899999993  5.6369881700000004 10.8299312299999997 
    1  10.4077723800000008  6.0171926899999999 14.4912138000000006 
