 3  1  1 E -0.0E+0 DE 0.0E+0( 1) 
 8.96536240000000006E+00 0.00000000000000000E+00 0.00000000000000000E+00 
 4.47614728695973607E+00 7.76800028506544038E+00 0.00000000000000000E+00 
 0.00000000000000000E+00 0.00000000000000000E+00 1.46387584600000000E+01 
  1 
 1.00000000000000000E+00 0.00000000000000000E+00 0.00000000000000000E+00 
 0.00000000000000000E+00 1.00000000000000000E+00 0.00000000000000000E+00 
 0.00000000000000000E+00 0.00000000000000000E+00 1.00000000000000000E+00 
 0.00000000000000000E+00 0.00000000000000000E+00 0.00000000000000000E+00 
       96 
    8   4.4586520299999997  2.5773307800000000  4.1230766900000004 
    8   2.2544123500000000  1.3018639299999999  0.4576979300000000 
    1   5.2759381699999999  2.1348237800000001  3.7807246299999999 
    1   1.4458669399999999  1.7487578300000000  0.1217390900000000 
    1   4.4843055500000002  3.5022555299999998  3.7861249400000001 
    1   2.2403835000000001  0.3799295700000000  0.1236878700000000 
    8   2.2201436200000000  1.2873587000000000  3.2130968599999998 
    8   4.5054978900000000  2.6005693100000000  6.8682538900000001 
    1   2.2373932100000000  1.2903134599999999  2.2297319999999998 
    1   4.4843491000000002  2.5907354400000000  5.8849820499999996 
    1   3.0381244800000000  1.7522970000000000  3.5109842200000001 
    1   3.6867024000000002  2.1342656600000001  7.1712521899999997 
    8   4.4566781799999999  2.5839323300000001 11.4404891499999994 
    8   2.2566817900000000  1.3042097699999999  7.7801219799999997 
    1   5.2755638100000004  2.1397442000000000 11.1037876299999994 
    1   1.4537950500000001  1.7431348700000000  7.4462962099999999 
    1   4.4832111200000000  3.5034721000000002 11.1014481800000002 
    1   2.2369639200000000  0.3818011500000000  7.4437138100000002 
    8   2.2197295399999999  1.2777622200000001 10.5241816999999998 
    8   4.4992888200000003  2.5988372700000002 14.1926012000000004 
    1   2.2383035100000002  1.2958761299999999  9.5464132999999993 
    1   4.4798305400000000  2.5884314300000000 13.2026639800000005 
    1   3.0367150100000000  1.7487804199999999 10.8275980100000009 
    1   3.6851801700000002  2.1307310099999999 14.4848984200000004 
    8   6.6949228500000002  6.4614814400000000  4.1227317899999996 
    8   4.4962060599999996  5.1894241599999997  0.4590980500000000 
    1   7.5138894499999997  6.0142732199999998  3.7910050700000002 
    1   3.6832710299999998  5.6321943799999996  0.1274216500000000 
    1   6.7273455000000002  7.3840037900000004  3.7874498499999998 
    1   4.4800780500000004  4.2662040299999999  0.1255021000000000 
    8   4.4583817699999999  5.1676826399999998  3.2068487800000001 
    8   6.7399791000000002  6.4785280399999996  6.8620084099999996 
    1   4.4799738400000004  5.1759685900000001  2.2273900499999999 
    1   6.7128317600000003  6.4723829500000001  5.8858634299999997 
    1   5.2709976500000000  5.6344298000000004  3.5118996899999999 
    1   5.9271265800000004  6.0201726799999999  7.1689086800000004 
    8   6.6986646399999996  6.4556265000000002 11.4480296700000004 
    8   4.5028630500000002  5.1916761600000001  7.7883326400000001 
    1   7.5134669000000001  6.0224432800000001 11.1042254600000003 
    1   3.6864305599999998  5.6248465100000002  7.4486996100000002 
    1   6.7234260600000004  7.3867193799999997 11.1048819299999995 
    1   4.4746939299999999  4.2664416699999999  7.4353729499999996 
    8   4.4595569199999998  5.1709977199999999 10.5351792100000008 
    8   6.7339459100000001  6.4824911900000002 14.1857333899999993 
    1   4.4720120899999998  5.1790374000000003  9.5445005599999995 
    1   6.7179219899999998  6.4720115500000004 13.2046500400000006 
    1   5.2746725999999997  5.6343750000000004 10.8319057000000001 
    1   5.9276329399999996  6.0135076500000002 14.4857842600000009 
    8   8.9422241800000002  2.5786506500000002  4.1221804100000004 
    8   6.7405692400000001  1.3049529900000001  0.4640839100000000 
    1   9.7557988000000009  2.1391475700000000  3.7841360900000001 
    1   5.9309365500000002  1.7486580599999999  0.1240127700000000 
    1   8.9717895599999995  3.5004801799999998  3.7903139800000001 
    1   6.7199770699999997  0.3808642500000000  0.1279226900000000 
    8   6.7022167499999998  1.2831997399999999  3.2094668199999998 
    8   8.9824607899999993  2.6014469500000001  6.8665639199999999 
    1   6.7204222800000002  1.2939903300000000  2.2281324800000002 
    1   8.9724851799999996  2.5904427000000001  5.8834523100000000 
    1   7.5145481299999997  1.7533585700000001  3.5089145300000002 
    1   8.1698169899999993  2.1297097100000002  7.1723511799999997 
    8   8.9420699700000004  2.5794200900000002 11.4411749999999994 
    8   6.7399414000000002  1.3053691500000000  7.7807105800000000 
    1   9.7575044599999998  2.1374067399999999 11.1046214600000006 
    1   5.9281112499999997  1.7463747800000000  7.4473703200000001 
    1   8.9694544000000000  3.5029528200000000 11.1046959100000002 
    1   6.7162015500000001  0.3795928500000000  7.4481883000000000 
    8   6.7009367500000003  1.2805781500000000 10.5318005499999998 
    8   8.9848152399999996  2.5964062700000001 14.1903013999999992 
    1   6.7209272200000001  1.2905587400000000  9.5525553399999996 
    1   8.9650929799999997  2.5977023799999999 13.2089654500000009 
    1   7.5187273100000001  1.7558899100000001 10.8299749199999997 
    1   8.1697114099999997  2.1360474500000000 14.4862238300000001 
    8  11.1811032000000008  6.4649156999999997  4.1240017299999998 
    8   8.9826923599999997  5.1926633899999999  0.4616847200000000 
    1  11.9936350199999993  6.0192797200000001  3.7858105599999998 
    1   8.1728057300000003  5.6353057199999999  0.1218577200000000 
    1  11.1994659399999996  7.3928466200000003  3.7816821599999999 
    1   8.9616039300000008  4.2689079000000003  0.1278242700000000 
    8   8.9405293300000004  5.1674039499999997  3.2113562400000002 
    8  11.2185179599999998  6.4836492999999997  6.8702957600000003 
    1   8.9645062800000002  5.1736754500000002  2.2202746100000001 
    1  11.2009261799999997  6.4787011200000002  5.8878723300000004 
    1   9.7544538700000007  5.6378416400000004  3.5088964599999999 
    1  10.4110554299999993  6.0052691700000000  7.1715630900000003 
    8  11.1815492400000007  6.4597856299999998 11.4416855700000006 
    8   8.9788465100000003  5.1966497399999998  7.7782654300000003 
    1  11.9893146599999998  6.0201715299999998 11.0988828099999992 
    1   8.1729374700000008  5.6265485200000001  7.4443127200000001 
    1  11.2048320100000005  7.3901050599999998 11.1094267500000008 
    1   8.9548165799999992  4.2633612100000002  7.4393020500000002 
    8   8.9412644300000004  5.1703456399999999 10.5315844599999995 
    8  11.2211189900000008  6.4844737200000004 14.1876973799999995 
    1   8.9612276299999998  5.1810986000000003  9.5461851099999997 
    1  11.2033213000000007  6.4726458600000001 13.2120285200000005 
    1   9.7524007899999994  5.6408091100000002 10.8301355499999996 
    1  10.4107816999999994  6.0184468000000004 14.4919492099999996 
