 3  1  1 E -0.0E+0 DE 0.0E+0( 1) 
 8.96536240000000006E+00 0.00000000000000000E+00 0.00000000000000000E+00 
 4.47614728695973607E+00 7.76800028506544038E+00 0.00000000000000000E+00 
 0.00000000000000000E+00 0.00000000000000000E+00 1.46387584600000000E+01 
  1 
 1.00000000000000000E+00 0.00000000000000000E+00 0.00000000000000000E+00 
 0.00000000000000000E+00 1.00000000000000000E+00 0.00000000000000000E+00 
 0.00000000000000000E+00 0.00000000000000000E+00 1.00000000000000000E+00 
 0.00000000000000000E+00 0.00000000000000000E+00 0.00000000000000000E+00 
       96 
    8   4.4587330900000000  2.5770549200000001  4.1218578600000004 
    8   2.2593586000000001  1.3077805600000001  0.4564052200000000 
    1   5.2650940200000003  2.1288045400000000  3.7822592700000000 
    1   1.4433337300000000  1.7519721900000000  0.1220559400000000 
    1   4.4832368400000000  3.4988133399999999  3.7869730399999999 
    1   2.2343200400000001  0.3814861300000000  0.1226168500000000 
    8   2.2203783900000000  1.2850827300000001  3.2062509800000001 
    8   4.4947396800000003  2.5995058700000002  6.8714961800000003 
    1   2.2416799300000001  1.2960329100000001  2.2269912100000000 
    1   4.4790029499999999  2.5905084500000002  5.8861788199999996 
    1   3.0395740000000000  1.7533707300000001  3.5114735000000001 
    1   3.6879507999999999  2.1324471900000002  7.1712797200000002 
    8   4.4603337500000002  2.5770438599999999 11.4402694000000000 
    8   2.2610655999999998  1.3064241800000000  7.7807040799999996 
    1   5.2730579200000003  2.1348683600000000 11.1032444500000000 
    1   1.4451676400000000  1.7470611700000001  7.4428059500000003 
    1   4.4808152000000003  3.5035622900000001 11.1007747499999994 
    1   2.2398429200000001  0.3810988400000000  7.4459303900000000 
    8   2.2216240799999998  1.2875533699999999 10.5285246499999996 
    8   4.4990648200000001  2.6025246399999999 14.1935898100000006 
    1   2.2393934299999998  1.2939021300000000  9.5493419500000005 
    1   4.4767933700000002  2.5895781499999999 13.2121142400000000 
    1   3.0351751999999999  1.7468703299999999 10.8266887300000008 
    1   3.6864760599999999  2.1336800299999998 14.4902337100000000 
    8   6.6999721000000001  6.4652930000000000  4.1202637400000004 
    8   4.4987512499999998  5.1922885100000000  0.4583094100000000 
    1   7.5104064399999997  6.0217531600000003  3.7809528900000000 
    1   3.6903161000000000  5.6298042400000003  0.1194104100000000 
    1   6.7214038900000004  7.3889504199999996  3.7781290900000002 
    1   4.4710920400000003  4.2686833699999998  0.1220224700000000 
    8   4.4626946399999996  5.1659101200000004  3.2113085200000002 
    8   6.7397964400000001  6.4862496399999996  6.8678218800000002 
    1   4.4830684099999996  5.1844027099999996  2.2241221800000002 
    1   6.7196176899999998  6.4725083999999997  5.8865481600000003 
    1   5.2729122500000001  5.6351972000000004  3.5066758000000000 
    1   5.9278036399999996  6.0182298000000003  7.1674053500000001 
    8   6.6992899599999998  6.4679323799999997 11.4389842599999998 
    8   4.4945683100000000  5.1937814400000004  7.7787043999999996 
    1   7.5097170000000002  6.0159759199999998 11.1061292900000002 
    1   3.6830830600000000  5.6280159100000002  7.4422585600000000 
    1   6.7230253900000001  7.3807467500000001 11.1028877500000007 
    1   4.4760015600000003  4.2674437599999999  7.4414643299999996 
    8   4.4584153000000004  5.1679627699999999 10.5310614800000000 
    8   6.7367568799999997  6.4871412499999996 14.1858065900000003 
    1   4.4868011000000001  5.1757074200000002  9.5423710600000007 
    1   6.7169690900000001  6.4731418400000003 13.2038180000000001 
    1   5.2781129699999996  5.6334648600000001 10.8264133400000002 
    1   5.9266519200000003  6.0085245499999997 14.4902393299999996 
    8   8.9417293799999999  2.5829767900000000  4.1245935899999999 
    8   6.7362161100000000  1.3004857299999999  0.4598239900000000 
    1   9.7613675400000002  2.1340960700000000  3.7823825300000000 
    1   5.9282405200000001  1.7448924900000000  0.1192015300000000 
    1   8.9595690500000007  3.5089009799999999  3.7868639499999999 
    1   6.7261482099999998  0.3807664800000000  0.1251654400000000 
    8   6.7034637200000002  1.2852346600000000  3.2041812099999998 
    8   8.9881653900000007  2.5976858799999998  6.8638902200000000 
    1   6.7258556000000000  1.2939512700000000  2.2260694100000000 
    1   8.9630140800000007  2.5903661400000000  5.8893268499999998 
    1   7.5183280600000000  1.7552444800000000  3.5071978599999998 
    1   8.1729325599999996  2.1314449000000000  7.1688401199999996 
    8   8.9370906399999992  2.5777578000000001 11.4399401899999997 
    8   6.7418727000000001  1.3077270400000001  7.7763711999999998 
    1   9.7577361499999995  2.1370617500000000 11.1064304400000005 
    1   5.9281749100000001  1.7521853800000000  7.4453684700000000 
    1   8.9652372000000007  3.5047488599999999 11.1024650099999995 
    1   6.7213601599999997  0.3816121500000000  7.4439869600000002 
    8   6.7054051899999996  1.2784234699999999 10.5286957300000008 
    8   8.9853227300000000  2.6026985300000001 14.1913068100000004 
    1   6.7212344699999997  1.2892531400000000  9.5438686799999992 
    1   8.9607443999999994  2.5908767699999999 13.2037976599999993 
    1   7.5137321000000004  1.7469527400000000 10.8267468800000000 
    1   8.1702612099999996  2.1311694600000002 14.4899816300000008 
    8  11.1829267500000000  6.4641895800000002  4.1158982100000001 
    8   8.9742141199999992  5.1922342099999996  0.4609279400000000 
    1  11.9972221300000008  6.0214396800000003  3.7794563399999999 
    1   8.1694871199999994  5.6323290300000002  0.1230976600000000 
    1  11.2038858300000008  7.3823508100000002  3.7889455600000002 
    1   8.9569636900000003  4.2623159900000003  0.1221653400000000 
    8   8.9430554400000002  5.1603884200000003  3.2060080900000001 
    8  11.2174868199999995  6.4786477400000004  6.8662055200000003 
    1   8.9553518400000005  5.1785943300000001  2.2234164600000001 
    1  11.1992663300000004  6.4734743200000002  5.8909068600000003 
    1   9.7535062299999993  5.6374319699999997  3.5100123700000001 
    1  10.4108562599999992  6.0168267200000001  7.1675171100000004 
    8  11.1824427499999999  6.4629161000000002 11.4435487400000007 
    8   8.9837073600000004  5.1896674000000003  7.7762098799999997 
    1  11.9909667899999999  6.0200547300000000 11.1038921599999991 
    1   8.1686057900000009  5.6330874800000004  7.4437999599999998 
    1  11.2041784799999995  7.3853688599999998 11.0995456600000004 
    1   8.9563334399999999  4.2657535700000002  7.4407531300000000 
    8   8.9388073000000006  5.1678184199999997 10.5308429599999993 
    8  11.2167315300000006  6.4872719400000003 14.1894594999999999 
    1   8.9601141799999997  5.1779374799999998  9.5456481899999996 
    1  11.1999187100000004  6.4757567199999997 13.2037597200000008 
    1   9.7487551099999994  5.6387257200000001 10.8338046899999991 
    1  10.4032711899999999  6.0128098100000003 14.4918216700000002 
