 3  1  1 E -0.0E+0 DE 0.0E+0( 1) 
 8.96536240000000006E+00 0.00000000000000000E+00 0.00000000000000000E+00 
 4.47614728695973607E+00 7.76800028506544038E+00 0.00000000000000000E+00 
 0.00000000000000000E+00 0.00000000000000000E+00 1.46387584600000000E+01 
  1 
 1.00000000000000000E+00 0.00000000000000000E+00 0.00000000000000000E+00 
 0.00000000000000000E+00 1.00000000000000000E+00 0.00000000000000000E+00 
 0.00000000000000000E+00 0.00000000000000000E+00 1.00000000000000000E+00 
 0.00000000000000000E+00 0.00000000000000000E+00 0.00000000000000000E+00 
       96 
    8   4.4607923300000003  2.5775920299999999  4.1201489300000000 
    8   2.2614034500000000  1.3080819200000000  0.4632190800000000 
    1   5.2689974599999996  2.1363881299999998  3.7844971599999999 
    1   1.4517123000000001  1.7451661000000001  0.1281490900000000 
    1   4.4821354800000002  3.5002616500000001  3.7820281400000000 
    1   2.2341346500000001  0.3831782900000000  0.1179217100000000 
    8   2.2198326000000002  1.2817802899999999  3.2112576700000002 
    8   4.4997573800000001  2.5988581100000001  6.8694498499999996 
    1   2.2379832300000002  1.2911068100000000  2.2262863300000002 
    1   4.4800311099999997  2.5949237699999999  5.8851704700000003 
    1   3.0306161199999999  1.7558759300000000  3.5077919199999998 
    1   3.6890898900000000  2.1357223400000001  7.1686775699999998 
    8   4.4615415900000004  2.5705313599999999 11.4354173200000009 
    8   2.2665420599999999  1.3070234300000001  7.7834721900000003 
    1   5.2768945699999996  2.1402239000000001 11.1110169299999999 
    1   1.4479951700000000  1.7481511800000000  7.4490637399999997 
    1   4.4867589700000003  3.5051914599999998 11.1026948099999991 
    1   2.2383807299999998  0.3790478400000000  7.4464009000000004 
    8   2.2303350200000001  1.2850548700000000 10.5341148899999997 
    8   4.4984519299999999  2.6009215800000001 14.1836207200000004 
    1   2.2448060100000000  1.2961731100000000  9.5443780500000006 
    1   4.4831471599999997  2.5877413300000001 13.2017918499999993 
    1   3.0326690400000000  1.7474879200000000 10.8339289099999991 
    1   3.6928812600000001  2.1364483200000000 14.4931566600000004 
    8   6.7029895499999999  6.4550123199999998  4.1206872299999997 
    8   4.4962292100000001  5.1970106500000002  0.4607580900000000 
    1   7.5113019000000003  6.0197607199999998  3.7865363400000001 
    1   3.6857863800000001  5.6338058799999997  0.1213123600000000 
    1   6.7246992499999996  7.3856655800000004  3.7837327699999999 
    1   4.4770927499999997  4.2667569299999997  0.1232821600000000 
    8   4.4569493500000004  5.1674503100000004  3.2093857300000002 
    8   6.7440106200000001  6.4816843899999999  6.8692573499999998 
    1   4.4766191199999996  5.1769028700000002  2.2210886799999998 
    1   6.7210882600000001  6.4724835000000001  5.8807589000000000 
    1   5.2722197000000000  5.6376860400000002  3.5066403899999998 
    1   5.9254673899999997  6.0195592900000001  7.1650162799999997 
    8   6.7014984000000002  6.4593427800000001 11.4427146499999992 
    8   4.4972578499999996  5.1955791299999996  7.7749753400000001 
    1   7.5078392000000003  6.0233950500000004 11.1028819999999993 
    1   3.6886880199999998  5.6300197900000004  7.4439055800000000 
    1   6.7198316299999998  7.3846972600000003 11.1050156900000001 
    1   4.4804769499999999  4.2620361700000000  7.4402816800000000 
    8   4.4608931500000004  5.1701350799999997 10.5287975599999992 
    8   6.7396315099999997  6.4868794200000002 14.1940112000000003 
    1   4.4828709399999997  5.1768798599999997  9.5499030600000001 
    1   6.7240718399999997  6.4742277300000000 13.2057226900000000 
    1   5.2658976800000001  5.6394874200000000 10.8285449099999997 
    1   5.9215641899999998  6.0163348200000000 14.4880278300000001 
    8   8.9459743799999991  2.5777144000000001  4.1316796499999997 
    8   6.7417703400000004  1.3067922100000000  0.4591161600000000 
    1   9.7566953900000009  2.1397959800000002  3.7869763299999999 
    1   5.9271170000000000  1.7485778599999999  0.1209894000000000 
    1   8.9638747100000007  3.5045335899999999  3.7853121000000001 
    1   6.7204172099999999  0.3774344700000000  0.1256537300000000 
    8   6.6978547500000003  1.2753456700000001  3.2108920200000002 
    8   8.9812138200000007  2.6014765799999999  6.8654395199999998 
    1   6.7172783400000000  1.2985125200000001  2.2267715199999998 
    1   8.9572884800000008  2.5879793800000002  5.8799812100000004 
    1   7.5174116000000000  1.7492678300000000  3.5130460900000000 
    1   8.1718929100000004  2.1323027500000000  7.1681251100000001 
    8   8.9515509400000006  2.5755885200000002 11.4438147099999998 
    8   6.7416621499999998  1.3043054100000000  7.7806502799999997 
    1   9.7594328099999998  2.1396453900000001 11.1080300399999992 
    1   5.9256857299999997  1.7490527600000001  7.4425214600000000 
    1   8.9647399399999994  3.5118263700000001 11.1079198699999999 
    1   6.7176455199999996  0.3770471800000000  7.4420451099999996 
    8   6.7082928500000003  1.2825276200000000 10.5316938499999999 
    8   8.9792282900000000  2.6030246699999999 14.1926449600000009 
    1   6.7204399700000002  1.2932170300000001  9.5509451799999994 
    1   8.9639549899999995  2.5926034499999999 13.1993331999999999 
    1   7.5109033399999996  1.7513320200000000 10.8297405199999996 
    1   8.1743152600000002  2.1267990100000000 14.4882236899999999 
    8  11.1833873399999995  6.4576058400000003  4.1187821600000003 
    8   8.9800807000000002  5.1940277400000001  0.4685472100000000 
    1  11.9915516400000008  6.0195283200000000  3.7778729800000002 
    1   8.1636603500000007  5.6332547699999997  0.1263655700000000 
    1  11.2016644900000006  7.3887242500000001  3.7850706000000001 
    1   8.9562351600000003  4.2648756299999997  0.1274401800000000 
    8   8.9396686800000005  5.1720799099999999  3.2095434699999998 
    8  11.2240087499999994  6.4861763400000001  6.8712323700000004 
    1   8.9601247500000003  5.1787318700000000  2.2290409100000002 
    1  11.1995134000000007  6.4684217400000001  5.8847761800000002 
    1   9.7587035499999999  5.6397103399999997  3.5136386200000000 
    1  10.4077991399999998  6.0076167700000003  7.1636278200000003 
    8  11.1847577999999999  6.4599975100000000 11.4405052999999999 
    8   8.9787814400000006  5.1885322499999997  7.7875513200000004 
    1  11.9931160800000001  6.0252236899999998 11.1051006799999996 
    1   8.1683744399999991  5.6353653300000000  7.4429465199999996 
    1  11.1998695099999992  7.3916471000000001 11.1030578799999997 
    1   8.9560000599999992  4.2682782399999999  7.4385287000000000 
    8   8.9380478500000002  5.1650503099999998 10.5300349299999993 
    8  11.2208672600000003  6.4817130199999999 14.1903103999999995 
    1   8.9658562600000007  5.1735764299999998  9.5494683299999998 
    1  11.1989508799999999  6.4691130599999997 13.2085517400000008 
    1   9.7521749000000000  5.6367480199999997 10.8295286199999996 
    1  10.4067478999999992  6.0151102099999996 14.4872379599999999 
