 3  1  1 E -0.0E+0 DE 0.0E+0( 1) 
 8.96536240000000006E+00 0.00000000000000000E+00 0.00000000000000000E+00 
 4.47614728695973607E+00 7.76800028506544038E+00 0.00000000000000000E+00 
 0.00000000000000000E+00 0.00000000000000000E+00 1.46387584600000000E+01 
  1 
 1.00000000000000000E+00 0.00000000000000000E+00 0.00000000000000000E+00 
 0.00000000000000000E+00 1.00000000000000000E+00 0.00000000000000000E+00 
 0.00000000000000000E+00 0.00000000000000000E+00 1.00000000000000000E+00 
 0.00000000000000000E+00 0.00000000000000000E+00 0.00000000000000000E+00 
       96 
    8   4.4620581200000000  2.5778887099999999  4.1217555600000004 
    8   2.2584847099999998  1.3048993700000000  0.4631236700000000 
    1   5.2735736900000001  2.1357761000000002  3.7845179999999998 
    1   1.4478454700000001  1.7483439900000000  0.1245584200000000 
    1   4.4830707700000003  3.5017186200000001  3.7843656999999999 
    1   2.2374654399999998  0.3817004400000000  0.1240461200000000 
    8   2.2221695600000002  1.2828869400000000  3.2103568800000000 
    8   4.4996607500000003  2.6003039499999998  6.8705981700000001 
    1   2.2408115000000000  1.2953267700000000  2.2274719900000002 
    1   4.4807897600000004  2.5901688300000001  5.8855458599999997 
    1   3.0325457299999998  1.7522249500000000  3.5104460700000000 
    1   3.6891284299999998  2.1308268300000002  7.1721310799999998 
    8   4.4607711099999996  2.5772972200000002 11.4425010300000007 
    8   2.2597693699999999  1.3061128600000000  7.7822816499999998 
    1   5.2732044299999998  2.1355717599999999 11.1030734399999993 
    1   1.4468610099999999  1.7485062499999999  7.4431609600000002 
    1   4.4830742700000004  3.5019574200000001 11.1034105600000004 
    1   2.2362913500000001  0.3808991200000000  7.4435517100000004 
    8   2.2211368600000001  1.2829715700000000 10.5287179700000006 
    8   4.5000950000000000  2.5990735400000000 14.1874711599999994 
    1   2.2392676400000000  1.2942998200000000  9.5458566499999993 
    1   4.4822441099999999  2.5903445399999998 13.2050754200000000 
    1   3.0322025500000001  1.7513525700000001 10.8297097900000008 
    1   3.6882446199999999  2.1319677600000002 14.4885906900000005 
    8   6.7003701199999997  6.4640442900000004  4.1218549199999996 
    8   4.4974530699999997  5.1901790200000004  0.4618728500000000 
    1   7.5115144100000002  6.0204817400000001  3.7837160800000000 
    1   3.6848388000000001  5.6315557900000002  0.1244267900000000 
    1   6.7234245599999998  7.3872382099999996  3.7857715900000000 
    1   4.4741613700000000  4.2665937999999999  0.1241121300000000 
    8   4.4611553400000004  5.1666703600000004  3.2089700600000000 
    8   6.7373371999999998  6.4823978799999997  6.8689736400000001 
    1   4.4773006000000004  5.1786637999999998  2.2265082700000001 
    1   6.7207185699999998  6.4744374499999999  5.8852792300000001 
    1   5.2693968000000000  5.6368471600000003  3.5090288400000000 
    1   5.9284383800000002  6.0168246300000003  7.1695695199999996 
    8   6.6981376399999997  6.4638654200000003 11.4412283699999993 
    8   4.4982891699999996  5.1878944499999999  7.7810539199999997 
    1   7.5112955599999998  6.0205161299999999 11.1025475700000005 
    1   3.6862346600000002  5.6304636500000003  7.4431656400000001 
    1   6.7220937100000002  7.3867933800000003 11.1037092499999996 
    1   4.4738040799999998  4.2641873700000001  7.4445856900000003 
    8   4.4592978499999996  5.1667301700000001 10.5307401600000006 
    8   6.7380522699999998  6.4857010700000002 14.1889461400000005 
    1   4.4801204800000001  5.1802687499999998  9.5452967799999993 
    1   6.7198139699999997  6.4741324000000002 13.2066039899999996 
    1   5.2693302900000001  5.6370412900000000 10.8307867299999998 
    1   5.9248481799999997  6.0144619300000004 14.4873786899999999 
    8   8.9441889200000002  2.5792289500000001  4.1234660400000003 
    8   6.7417330099999999  1.3071173500000000  0.4608939700000000 
    1   9.7541944899999997  2.1364134600000000  3.7840024699999999 
    1   5.9301866700000003  1.7454636900000000  0.1238396700000000 
    1   8.9652764999999999  3.5029484700000002  3.7839849999999999 
    1   6.7185963900000001  0.3812074700000000  0.1228695700000000 
    8   6.7035104199999997  1.2844336599999999  3.2088240500000000 
    8   8.9830481899999999  2.5999913700000001  6.8687065199999999 
    1   6.7225602599999998  1.2934780200000000  2.2256128700000000 
    1   8.9622520800000007  2.5914516000000001  5.8858913900000003 
    1   7.5142030399999999  1.7525690800000000  3.5102367499999998 
    1   8.1709935100000006  2.1322592100000000  7.1707961999999998 
    8   8.9439278299999998  2.5779355900000001 11.4410678600000004 
    8   6.7393569900000001  1.3039735500000000  7.7830201700000003 
    1   9.7575428399999993  2.1362199700000000 11.1035741899999998 
    1   5.9305306199999999  1.7506100099999999  7.4444275900000001 
    1   8.9664530500000001  3.5013232599999999 11.1013911899999993 
    1   6.7197397399999996  0.3809649900000000  7.4418857599999999 
    8   6.7029265200000001  1.2823969700000000 10.5308761499999992 
    8   8.9834257900000001  2.6005136599999998 14.1903585700000008 
    1   6.7227446600000000  1.2936519799999999  9.5470688700000004 
    1   8.9639888699999997  2.5884496299999999 13.2050450200000000 
    1   7.5140271500000004  1.7509722999999999 10.8306544799999998 
    1   8.1731238899999994  2.1302464799999998 14.4899808900000000 
    8  11.1818813299999995  6.4620244199999997  4.1213712899999999 
    8   8.9788685600000004  5.1895373999999999  0.4614431200000000 
    1  11.9942419800000000  6.0204189100000001  3.7833794599999999 
    1   8.1673854499999994  5.6309544999999996  0.1246841800000000 
    1  11.2051555300000008  7.3853013900000004  3.7837177400000002 
    1   8.9583613100000008  4.2640520799999999  0.1244721500000000 
    8   8.9409841199999995  5.1680492600000001  3.2090465199999998 
    8  11.2188129100000005  6.4828942300000003  6.8695474799999996 
    1   8.9610006500000008  5.1776090899999998  2.2268051099999999 
    1  11.1998620800000008  6.4734209399999996  5.8846451100000001 
    1   9.7523245799999998  5.6364026400000000  3.5094886600000001 
    1  10.4089035600000006  6.0166514800000002  7.1694617999999997 
    8  11.1833676700000009  6.4613818399999996 11.4418727199999992 
    8   8.9811741200000004  5.1870172400000003  7.7808564000000002 
    1  11.9945485900000008  6.0202661099999997 11.1033687800000003 
    1   8.1676890300000000  5.6316178700000004  7.4431523400000001 
    1  11.2058223899999998  7.3865333599999996 11.1033352399999998 
    1   8.9571980399999998  4.2652338800000003  7.4428754599999998 
    8   8.9420411899999994  5.1670576700000002 10.5294787900000006 
    8  11.2226931899999993  6.4853928999999999 14.1885525999999995 
    1   8.9619421399999997  5.1781053300000002  9.5435076199999997 
    1  11.2005155100000007  6.4716162300000004 13.2048838499999999 
    1   9.7529948300000004  5.6380316800000001 10.8300552299999993 
    1  10.4090690200000004  6.0164745899999996 14.4872067900000001 
