 3  1  1 E -0.0E+0 DE 0.0E+0( 1) 
 8.96536240000000006E+00 0.00000000000000000E+00 0.00000000000000000E+00 
 4.47614728695973607E+00 7.76800028506544038E+00 0.00000000000000000E+00 
 0.00000000000000000E+00 0.00000000000000000E+00 1.46387584600000000E+01 
  1 
 1.00000000000000000E+00 0.00000000000000000E+00 0.00000000000000000E+00 
 0.00000000000000000E+00 1.00000000000000000E+00 0.00000000000000000E+00 
 0.00000000000000000E+00 0.00000000000000000E+00 1.00000000000000000E+00 
 0.00000000000000000E+00 0.00000000000000000E+00 0.00000000000000000E+00 
       96 
    8   4.4616967499999998  2.5799256700000002  4.1242027400000003 
    8   2.2576127100000001  1.3066617199999999  0.4666043000000000 
    1   5.2677220800000004  2.1317321900000001  3.7868140299999999 
    1   1.4436975599999999  1.7483236600000001  0.1261354300000000 
    1   4.4802075500000003  3.4982180899999999  3.7875191199999998 
    1   2.2366078900000002  0.3811009100000000  0.1216686800000000 
    8   2.2219559200000001  1.2858007499999999  3.2134188899999998 
    8   4.5058390700000004  2.6054914400000002  6.8720053600000002 
    1   2.2412610300000000  1.2882025699999999  2.2221347100000002 
    1   4.4762963999999998  2.5923098200000001  5.8826032200000000 
    1   3.0369461699999998  1.7510080200000000  3.5007363800000002 
    1   3.6928816400000000  2.1311663599999999  7.1680609000000004 
    8   4.4619025600000004  2.5823540999999999 11.4452749399999991 
    8   2.2590122400000001  1.3076725600000001  7.7787927500000000 
    1   5.2694737700000003  2.1374962800000001 11.1063857899999991 
    1   1.4529323599999999  1.7492010899999999  7.4444949400000002 
    1   4.4846377899999998  3.4989461300000002 11.1009379999999993 
    1   2.2358782900000000  0.3834721700000000  7.4385047499999999 
    8   2.2256784700000001  1.2864754400000000 10.5306408000000005 
    8   4.4997526099999998  2.6011984699999999 14.1882255199999996 
    1   2.2324122300000000  1.2953842099999999  9.5471380700000008 
    1   4.4821449400000004  2.5936469799999999 13.2093825599999999 
    1   3.0365254899999998  1.7550961700000001 10.8348239700000004 
    1   3.6936128099999999  2.1344378499999999 14.4883846999999992 
    8   6.6918837699999996  6.4669946999999999  4.1271141000000000 
    8   4.4963249999999997  5.1884700199999996  0.4607628900000000 
    1   7.5111608099999998  6.0284095899999999  3.7905812600000002 
    1   3.6854474499999998  5.6327282700000003  0.1222959600000000 
    1   6.7243737399999999  7.3826992300000001  3.7830693200000001 
    1   4.4724452699999997  4.2677664000000002  0.1210799400000000 
    8   4.4553652200000000  5.1689186899999999  3.2096371900000000 
    8   6.7376636899999998  6.4863398400000003  6.8688001600000002 
    1   4.4775648199999996  5.1795427399999996  2.2228735199999998 
    1   6.7185410900000004  6.4695244499999998  5.8793403299999998 
    1   5.2739785899999996  5.6309124500000003  3.5094537500000000 
    1   5.9284659000000000  6.0113222999999998  7.1687727600000004 
    8   6.6992041300000000  6.4558828999999998 11.4438015800000006 
    8   4.5019518100000004  5.1968640400000004  7.7826599200000004 
    1   7.5109391099999998  6.0200773800000000 11.1010780899999997 
    1   3.6870044399999999  5.6273934399999996  7.4433132899999999 
    1   6.7288332899999999  7.3899549999999996 11.1069560200000002 
    1   4.4803451699999997  4.2595038599999997  7.4470331300000003 
    8   4.4591987599999996  5.1717957200000004 10.5275866199999992 
    8   6.7398281999999998  6.4875897299999998 14.1909914700000002 
    1   4.4773886799999998  5.1722280700000001  9.5498066999999995 
    1   6.7183573599999997  6.4780313800000000 13.2046148799999994 
    1   5.2658993499999998  5.6384919900000003 10.8330522400000007 
    1   5.9277361300000004  6.0156426500000002 14.4887395100000003 
    8   8.9419581000000008  2.5772573099999998  4.1243731700000001 
    8   6.7442010100000003  1.2997553700000000  0.4572954800000000 
    1   9.7545580199999993  2.1338323699999999  3.7836463500000002 
    1   5.9309704099999996  1.7446786500000000  0.1248627200000000 
    1   8.9656603599999993  3.5027107900000001  3.7793153799999999 
    1   6.7239118900000001  0.3794667200000000  0.1274277700000000 
    8   6.7007861200000001  1.2847029700000001  3.2106897900000000 
    8   8.9799945900000004  2.6005630499999999  6.8754378899999997 
    1   6.7282884100000002  1.2965547700000000  2.2284681000000002 
    1   8.9706046900000000  2.5905093899999998  5.8926163699999998 
    1   7.5117090700000002  1.7559392199999999  3.5128192899999999 
    1   8.1752411100000000  2.1292504700000001  7.1659123300000003 
    8   8.9497379600000002  2.5782925099999998 11.4450331799999994 
    8   6.7392160900000002  1.3064697400000000  7.7755634699999998 
    1   9.7633285099999991  2.1384262500000002 11.1003736199999992 
    1   5.9312123100000003  1.7471060400000000  7.4464160399999999 
    1   8.9678301800000000  3.5018589800000002 11.0996681600000002 
    1   6.7185025100000004  0.3832556100000000  7.4390929200000002 
    8   6.7073017400000001  1.2806591400000000 10.5361501900000007 
    8   8.9838463300000004  2.5957756000000001 14.1892182800000004 
    1   6.7199049300000002  1.2936743900000001  9.5437785500000007 
    1   8.9660565499999993  2.5883020299999999 13.1993545999999995 
    1   7.5216016000000003  1.7463596699999999 10.8288089200000002 
    1   8.1718796600000001  2.1293638200000000 14.4963167399999993 
    8  11.1819706399999994  6.4619557800000003  4.1271441099999997 
    8   8.9814260200000007  5.1891915199999996  0.4607443000000000 
    1  11.9962659899999995  6.0179575500000002  3.7823210299999999 
    1   8.1677096700000007  5.6304610799999999  0.1270725600000000 
    1  11.2046569799999993  7.3844225799999998  3.7774819399999999 
    1   8.9551518399999992  4.2596132400000002  0.1276341500000000 
    8   8.9408785999999996  5.1677902700000002  3.2094322100000001 
    8  11.2179224400000006  6.4834283399999997  6.8631637500000000 
    1   8.9572715899999995  5.1824953899999997  2.2249414900000000 
    1  11.2047419900000005  6.4751841299999997  5.8871987399999997 
    1   9.7497527000000002  5.6340160399999997  3.5137922800000001 
    1  10.4182126900000007  6.0104369000000002  7.1687393999999998 
    8  11.1829692999999999  6.4648815400000004 11.4410466399999997 
    8   8.9798779900000003  5.1926464000000001  7.7847460499999999 
    1  11.9923958299999995  6.0218522999999999 11.0956607700000003 
    1   8.1630208500000006  5.6329941000000003  7.4424041699999997 
    1  11.2055757299999996  7.3916502499999996 11.1071044400000005 
    1   8.9592257600000007  4.2660200399999999  7.4420202900000003 
    8   8.9406009199999996  5.1636898000000002 10.5267004199999992 
    8  11.2204785900000008  6.4822400000000000 14.1855772600000005 
    1   8.9615875799999998  5.1819874600000002  9.5425572499999998 
    1  11.2015520899999999  6.4713594900000002 13.2104979199999999 
    1   9.7509211800000006  5.6347791100000002 10.8305763400000004 
    1  10.4072983699999995  6.0077220499999999 14.4860674599999992 
