 3  1  1 E -0.0E+0 DE 0.0E+0( 1) 
 8.96536240000000006E+00 0.00000000000000000E+00 0.00000000000000000E+00 
 4.47614728695973607E+00 7.76800028506544038E+00 0.00000000000000000E+00 
 0.00000000000000000E+00 0.00000000000000000E+00 1.46387584600000000E+01 
  1 
 1.00000000000000000E+00 0.00000000000000000E+00 0.00000000000000000E+00 
 0.00000000000000000E+00 1.00000000000000000E+00 0.00000000000000000E+00 
 0.00000000000000000E+00 0.00000000000000000E+00 1.00000000000000000E+00 
 0.00000000000000000E+00 0.00000000000000000E+00 0.00000000000000000E+00 
       96 
    8   4.4581386500000004  2.5792969499999998  4.1209534100000003 
    8   2.2559853099999998  1.3072158300000001  0.4598843000000000 
    1   5.2783849800000002  2.1429017099999998  3.7772635200000000 
    1   1.4432196200000000  1.7559641300000000  0.1255695200000000 
    1   4.4864769300000003  3.5037767700000000  3.7835027900000000 
    1   2.2464503300000001  0.3822422800000000  0.1224555900000000 
    8   2.2178127399999998  1.2847226599999999  3.2075421400000002 
    8   4.5034481000000000  2.6010160500000001  6.8661452299999999 
    1   2.2388210100000001  1.2934377200000000  2.2232282799999998 
    1   4.4842080500000003  2.5946913399999998  5.8851747699999999 
    1   3.0320641199999998  1.7540882200000001  3.5071012800000001 
    1   3.6890776700000001  2.1324757000000001  7.1761386900000002 
    8   4.4559364900000000  2.5770201600000000 11.4392534599999998 
    8   2.2585323499999999  1.3008344500000000  7.7799344899999996 
    1   5.2747769399999997  2.1371445800000002 11.1071789299999999 
    1   1.4496847799999999  1.7472592000000000  7.4442026800000001 
    1   4.4835366299999997  3.5009790399999998 11.1021088399999996 
    1   2.2395827100000001  0.3808535300000000  7.4453311299999996 
    8   2.2215340399999999  1.2819871100000000 10.5309724599999992 
    8   4.4932847200000001  2.5968187899999999 14.1924825000000006 
    1   2.2409165799999999  1.2893779200000000  9.5516861899999999 
    1   4.4762235800000001  2.5883644800000001 13.2018197300000004 
    1   3.0336875900000000  1.7549622600000001 10.8319560900000003 
    1   3.6838313899999999  2.1338216700000001 14.4868035299999995 
    8   6.6972506100000002  6.4620660299999999  4.1259916900000002 
    8   4.4989491499999996  5.1899631900000003  0.4622605800000000 
    1   7.5138234600000002  6.0233420300000002  3.7842591799999998 
    1   3.6842876300000000  5.6323908300000003  0.1217630100000000 
    1   6.7241570700000004  7.3823575699999999  3.7829709899999999 
    1   4.4791046500000000  4.2661648699999999  0.1255517900000000 
    8   4.4583472100000003  5.1665176600000002  3.2089698400000000 
    8   6.7385477500000004  6.4795177400000004  6.8692832199999998 
    1   4.4795892500000001  5.1740678400000002  2.2277280899999998 
    1   6.7233030899999999  6.4718350300000003  5.8931749900000003 
    1   5.2691489599999999  5.6304798700000003  3.5172230199999999 
    1   5.9254116999999997  6.0158855100000004  7.1723613700000000 
    8   6.7014049299999998  6.4587087299999997 11.4394856399999991 
    8   4.4908944000000002  5.1879534700000001  7.7818604499999999 
    1   7.5135345400000002  6.0219973400000004 11.1060524800000007 
    1   3.6806551199999999  5.6329558000000004  7.4392046100000000 
    1   6.7187716000000002  7.3871864100000000 11.1066060400000008 
    1   4.4715347100000002  4.2606143699999999  7.4363302700000000 
    8   4.4565650899999998  5.1665682000000004 10.5301792800000005 
    8   6.7378193800000004  6.4856667100000003 14.1895957900000003 
    1   4.4778799999999999  5.1772277600000001  9.5433108699999991 
    1   6.7230107200000004  6.4703844799999999 13.2011393800000008 
    1   5.2719931400000002  5.6372846699999997 10.8368984499999996 
    1   5.9279419000000004  6.0102444999999998 14.4868436099999993 
    8   8.9401619599999993  2.5709166400000001  4.1236434199999996 
    8   6.7391711900000004  1.3040216700000000  0.4647278100000000 
    1   9.7489103700000008  2.1306461500000000  3.7855068900000002 
    1   5.9356998499999998  1.7513664000000000  0.1234896500000000 
    1   8.9709296500000004  3.4997308100000000  3.7849118000000002 
    1   6.7209040199999999  0.3829875600000000  0.1229453400000000 
    8   6.7070530699999997  1.2810808600000001  3.2125613500000001 
    8   8.9896212599999998  2.5994473700000000  6.8701579800000001 
    1   6.7174269200000003  1.2932430100000001  2.2252142600000000 
    1   8.9594864699999999  2.5856040800000000  5.8863099700000001 
    1   7.5100621199999997  1.7547273400000001  3.5060818100000000 
    1   8.1710406399999993  2.1281477199999999  7.1718873700000003 
    8   8.9415962199999992  2.5760921300000001 11.4430329099999994 
    8   6.7498250600000000  1.3047860000000000  7.7840717000000001 
    1   9.7544346999999991  2.1356074600000001 11.1036141100000005 
    1   5.9251952499999998  1.7445720400000000  7.4396940300000001 
    1   8.9635286000000001  3.4967614000000000 11.0964510900000004 
    1   6.7193394900000003  0.3864441300000000  7.4385932500000003 
    8   6.7004035999999996  1.2802472499999999 10.5238614300000002 
    8   8.9761415800000002  2.5989283300000001 14.1868146500000005 
    1   6.7244314300000001  1.2952367100000000  9.5450187500000006 
    1   8.9633476200000004  2.5945008299999999 13.2016126600000003 
    1   7.5204619599999996  1.7535789200000000 10.8303121800000000 
    1   8.1768221600000004  2.1343876200000000 14.4887685600000005 
    8  11.1862784800000004  6.4667206799999999  4.1216379300000003 
    8   8.9810826899999991  5.1887488399999997  0.4591019900000000 
    1  11.9959134299999999  6.0153859699999996  3.7823808699999999 
    1   8.1633323000000004  5.6238365699999999  0.1246546400000000 
    1  11.2094719999999999  7.3830881000000002  3.7870936099999999 
    1   8.9522666999999991  4.2651936800000003  0.1262752200000000 
    8   8.9399162499999996  5.1693620500000002  3.2064387700000001 
    8  11.2189986800000003  6.4830236899999996  6.8700312800000001 
    1   8.9576179699999994  5.1768864800000003  2.2299987500000000 
    1  11.2058689600000001  6.4714676600000001  5.8805178700000003 
    1   9.7493391799999998  5.6381626499999999  3.5116035200000000 
    1  10.4048925499999996  6.0098169800000001  7.1706691700000000 
    8  11.1879979899999995  6.4686454099999997 11.4415493799999997 
    8   8.9779097100000005  5.1879141500000001  7.7804861100000000 
    1  11.9982626900000007  6.0158217699999996 11.1022037200000003 
    1   8.1691026499999992  5.6287084399999996  7.4426593299999997 
    1  11.2046553000000007  7.3855907600000004 11.1027907599999995 
    1   8.9596976099999992  4.2655938799999999  7.4425630500000004 
    8   8.9376167599999992  5.1594892899999998 10.5293855000000001 
    8  11.2204867799999999  6.4807269999999999 14.1862648300000007 
    1   8.9624274800000006  5.1738813400000003  9.5459402200000003 
    1  11.2013593399999998  6.4750181700000002 13.2058149300000007 
    1   9.7488086900000006  5.6361255999999997 10.8243131199999993 
    1  10.4082018099999996  6.0174930399999997 14.4894608199999997 
