 3  1  1 E -0.0E+0 DE 0.0E+0( 1) 
 8.96536240000000006E+00 0.00000000000000000E+00 0.00000000000000000E+00 
 4.47614728695973607E+00 7.76800028506544038E+00 0.00000000000000000E+00 
 0.00000000000000000E+00 0.00000000000000000E+00 1.46387584600000000E+01 
  1 
 1.00000000000000000E+00 0.00000000000000000E+00 0.00000000000000000E+00 
 0.00000000000000000E+00 1.00000000000000000E+00 0.00000000000000000E+00 
 0.00000000000000000E+00 0.00000000000000000E+00 1.00000000000000000E+00 
 0.00000000000000000E+00 0.00000000000000000E+00 0.00000000000000000E+00 
       96 
    8   4.4580420099999998  2.5858418200000002  4.1253165999999997 
    8   2.2559831799999999  1.3036354699999999  0.4599495900000000 
    1   5.2766431999999996  2.1377166399999998  3.7904223099999999 
    1   1.4503896500000000  1.7490346699999999  0.1289838500000000 
    1   4.4858425500000001  3.5055739300000002  3.7771291300000001 
    1   2.2412563200000002  0.3814215200000000  0.1203847100000000 
    8   2.2200241900000002  1.2812939100000000  3.2116161100000000 
    8   4.4988305200000003  2.6047678400000001  6.8780152100000000 
    1   2.2389925800000001  1.2890760900000000  2.2286698500000002 
    1   4.4794887100000000  2.5873573200000002  5.8837063299999999 
    1   3.0267452000000001  1.7578313200000000  3.5135169799999999 
    1   3.6891238199999998  2.1342966900000002  7.1683311600000001 
    8   4.4632800599999998  2.5790355699999998 11.4369536499999995 
    8   2.2584385800000000  1.3043102499999999  7.7800198600000003 
    1   5.2722056799999999  2.1347896999999998 11.0976205799999992 
    1   1.4491227799999999  1.7449603800000000  7.4387363200000003 
    1   4.4806727600000000  3.4945063599999999 11.1019833999999999 
    1   2.2285216000000001  0.3793002700000000  7.4426844200000000 
    8   2.2220223400000001  1.2816152199999999 10.5299662099999995 
    8   4.4994125800000004  2.5985784700000001 14.1897660800000001 
    1   2.2398394599999998  1.2962700000000000  9.5417659799999992 
    1   4.4779911500000003  2.5913583800000000 13.2046316699999995 
    1   3.0374192899999999  1.7505458300000001 10.8294310199999995 
    1   3.6909686499999999  2.1312524599999998 14.4901879099999995 
    8   6.7054936100000004  6.4609908599999999  4.1237250100000002 
    8   4.4944760199999996  5.1906358099999999  0.4544434600000000 
    1   7.5080462700000004  6.0239608499999999  3.7853691700000001 
    1   3.6871153400000001  5.6337039899999999  0.1233858100000000 
    1   6.7257569699999999  7.3905747799999997  3.7859523600000000 
    1   4.4730536200000000  4.2615402800000002  0.1216328100000000 
    8   4.4573405900000003  5.1687556099999998  3.2062271400000002 
    8   6.7345073800000002  6.4824599500000000  6.8707832199999999 
    1   4.4780409399999996  5.1805486600000004  2.2245580299999999 
    1   6.7171231000000002  6.4684296500000000  5.8862005999999996 
    1   5.2699939400000000  5.6383880499999997  3.5093730200000000 
    1   5.9302840999999997  6.0149910799999997  7.1718725900000004 
    8   6.6922280299999999  6.4621400299999996 11.4386052300000003 
    8   4.4939661400000004  5.1853432499999998  7.7828522500000004 
    1   7.5154260400000004  6.0213799699999999 11.1001258699999994 
    1   3.6840502800000001  5.6381050200000002  7.4440996300000002 
    1   6.7209193799999998  7.3907866799999997 11.1005061800000000 
    1   4.4772629999999998  4.2664402900000002  7.4408767200000003 
    8   4.4609349800000002  5.1684332700000004 10.5293776300000008 
    8   6.7342928200000003  6.4819497200000002 14.1877641099999998 
    1   4.4753754600000004  5.1750096900000004  9.5482275100000003 
    1   6.7174199899999998  6.4737742999999996 13.2087911499999997 
    1   5.2670052800000002  5.6349964899999998 10.8248351799999991 
    1   5.9310976000000002  6.0142790599999998 14.4878276800000005 
    8   8.9462825800000001  2.5812602999999998  4.1250799599999999 
    8   6.7491724499999997  1.3115824500000000  0.4638381200000000 
    1   9.7538062199999995  2.1360831800000000  3.7834395999999999 
    1   5.9296213000000000  1.7453040099999999  0.1259256500000000 
    1   8.9660116300000006  3.5051185899999999  3.7785884099999998 
    1   6.7175341599999996  0.3809573000000000  0.1233735100000000 
    8   6.7028824599999997  1.2849869100000000  3.2067246699999998 
    8   8.9921728600000002  2.6005041599999998  6.8738940299999998 
    1   6.7274818900000000  1.2978406100000000  2.2297437300000000 
    1   8.9629410400000005  2.5930616500000001  5.8898144900000000 
    1   7.5107958000000004  1.7567130099999999  3.5133828000000000 
    1   8.1719644299999992  2.1401507999999998  7.1644862500000004 
    8   8.9373104199999993  2.5775618900000001 11.4416701199999995 
    8   6.7426536900000000  1.3083451300000000  7.7890812299999999 
    1   9.7593764200000006  2.1301974800000001 11.1016054099999995 
    1   5.9320954600000002  1.7511921900000000  7.4496608300000000 
    1   8.9683304199999991  3.4988282300000000 11.1018537199999994 
    1   6.7182940599999998  0.3771278100000000  7.4405387500000000 
    8   6.7027358300000000  1.2825428400000001 10.5296544700000005 
    8   8.9806481199999997  2.5989539399999999 14.1870197200000003 
    1   6.7240973000000004  1.2948041800000001  9.5486815000000007 
    1   8.9655191700000003  2.5875746500000001 13.2059733900000005 
    1   7.5103030200000003  1.7540802300000000 10.8282456899999993 
    1   8.1722727899999992  2.1318619900000000 14.4843332599999997 
    8  11.1800874399999994  6.4590357699999998  4.1232045900000003 
    8   8.9787457699999997  5.1855929400000003  0.4636442300000000 
    1  11.9943512099999996  6.0241689599999999  3.7821962600000001 
    1   8.1697883299999994  5.6303124200000001  0.1226803000000000 
    1  11.2035822100000004  7.3835934099999996  3.7842990500000000 
    1   8.9548693900000007  4.2633242400000002  0.1176071300000000 
    8   8.9419512099999992  5.1654259099999997  3.2087860699999999 
    8  11.2190273600000001  6.4824001100000004  6.8677510499999999 
    1   8.9624520299999997  5.1779991299999999  2.2237460800000002 
    1  11.2020172799999997  6.4767978900000003  5.8877889200000002 
    1   9.7507804199999999  5.6370313899999998  3.5113043099999999 
    1  10.4071874900000001  6.0154249100000001  7.1767810399999998 
    8  11.1818048200000000  6.4593210299999999 11.4433414500000001 
    8   8.9833204700000007  5.1885706400000000  7.7805853500000000 
    1  11.9962364800000003  6.0196051199999996 11.0986834400000003 
    1   8.1657574200000003  5.6338117299999997  7.4458194600000001 
    1  11.2064031899999996  7.3832774199999998 11.1044774099999994 
    1   8.9581612699999997  4.2666858500000000  7.4444174299999997 
    8   8.9451608399999998  5.1672552899999999 10.5219284300000009 
    8  11.2204729499999996  6.4876200700000002 14.1893773200000002 
    1   8.9578572600000008  5.1767253499999999  9.5423946700000002 
    1  11.2007480499999996  6.4766336100000004 13.2112464799999998 
    1   9.7553493600000003  5.6383425300000001 10.8298888099999999 
    1  10.4070627800000004  6.0183693099999998 14.4851368500000000 
