 3  1  1 E -0.0E+0 DE 0.0E+0( 1) 
 8.96536240000000006E+00 0.00000000000000000E+00 0.00000000000000000E+00 
 4.47614728695973607E+00 7.76800028506544038E+00 0.00000000000000000E+00 
 0.00000000000000000E+00 0.00000000000000000E+00 1.46387584600000000E+01 
  1 
 1.00000000000000000E+00 0.00000000000000000E+00 0.00000000000000000E+00 
 0.00000000000000000E+00 1.00000000000000000E+00 0.00000000000000000E+00 
 0.00000000000000000E+00 0.00000000000000000E+00 1.00000000000000000E+00 
 0.00000000000000000E+00 0.00000000000000000E+00 0.00000000000000000E+00 
       96 
    8   4.4630132299999996  2.5709177599999999  4.1232725200000004 
    8   2.2625832699999999  1.3054274500000000  0.4650103300000000 
    1   5.2704204499999996  2.1381694100000002  3.7848417900000002 
    1   1.4455264200000000  1.7445998100000000  0.1251992800000000 
    1   4.4844612300000000  3.5108931600000002  3.7844696000000000 
    1   2.2357556600000001  0.3811850700000000  0.1291842500000000 
    8   2.2179239100000001  1.2839713699999999  3.2105746700000002 
    8   4.5007095300000000  2.5979646999999999  6.8672608600000000 
    1   2.2359992800000001  1.2987991400000001  2.2223997199999999 
    1   4.4811563899999998  2.5855276500000000  5.8847473199999998 
    1   3.0302804999999999  1.7541472499999999  3.5152302099999999 
    1   3.6856477200000000  2.1280778699999998  7.1677109000000003 
    8   4.4648447100000004  2.5801960899999998 11.4393314299999993 
    8   2.2578890299999999  1.3074148299999999  7.7818677000000003 
    1   5.2714155500000004  2.1385522400000001 11.0976550500000002 
    1   1.4475145899999999  1.7429726500000000  7.4460725900000000 
    1   4.4854640000000003  3.4968720499999999 11.1063712700000004 
    1   2.2362620000000000  0.3793917100000000  7.4386766299999998 
    8   2.2236588799999999  1.2820033500000001 10.5279114000000007 
    8   4.5001037500000001  2.5972242900000002 14.1872193600000003 
    1   2.2378519699999999  1.2974721300000001  9.5469919900000004 
    1   4.4782909499999999  2.5967647299999999 13.1986775400000003 
    1   3.0341701900000002  1.7551924000000001 10.8326523500000000 
    1   3.6864928199999998  2.1297543600000002 14.4898503699999992 
    8   6.7018111100000004  6.4634155299999998  4.1279588699999996 
    8   4.4999473300000004  5.1865043399999999  0.4613701900000000 
    1   7.5076094600000003  6.0218631699999996  3.7862438200000001 
    1   3.6844600900000000  5.6325638299999996  0.1201994200000000 
    1   6.7188809100000002  7.3838298900000003  3.7875907999999998 
    1   4.4723892200000002  4.2674268199999998  0.1257969700000000 
    8   4.4592569400000004  5.1667916600000003  3.2151432600000001 
    8   6.7358637699999999  6.4850605300000002  6.8677190100000001 
    1   4.4780159700000004  5.1777214799999998  2.2242089100000002 
    1   6.7150779199999997  6.4761088200000003  5.8876181000000001 
    1   5.2667137000000004  5.6367859800000000  3.5049169500000001 
    1   5.9310079900000003  6.0142555299999998  7.1688166799999999 
    8   6.6971992900000004  6.4621299499999996 11.4351715400000007 
    8   4.5016383700000002  5.1877792999999999  7.7735944000000003 
    1   7.5127511399999998  6.0211616699999997 11.0996213899999994 
    1   3.6909328299999999  5.6333970300000002  7.4435696900000003 
    1   6.7209590300000004  7.3849777899999998 11.1070076199999992 
    1   4.4753787500000000  4.2672888000000002  7.4415141699999996 
    8   4.4581294099999997  5.1660206899999999 10.5305202199999997 
    8   6.7307387199999997  6.4848814299999997 14.1910365899999995 
    1   4.4743161300000001  5.1782635900000002  9.5467026199999996 
    1   6.7208693600000000  6.4717833400000000 13.2088698000000004 
    1   5.2714261599999999  5.6344714700000003 10.8260039399999997 
    1   5.9258366499999999  6.0132351100000001 14.4889313299999998 
    8   8.9420699799999994  2.5756846699999998  4.1169269999999996 
    8   6.7455970799999996  1.3056913299999999  0.4592314300000000 
    1   9.7591000300000008  2.1334288199999998  3.7838554900000001 
    1   5.9338058000000000  1.7508349299999999  0.1254406700000000 
    1   8.9687674699999995  3.4979231899999998  3.7847916300000000 
    1   6.7218032100000000  0.3820575600000000  0.1231516500000000 
    8   6.7034662899999997  1.2853849100000001  3.2134049500000001 
    8   8.9827559400000005  2.5962376100000002  6.8693901600000000 
    1   6.7256179899999999  1.2958502100000000  2.2288359999999998 
    1   8.9603696999999993  2.5883891399999999  5.8847630600000000 
    1   7.5162110999999996  1.7574259800000001  3.5074708700000001 
    1   8.1763693199999992  2.1286494899999999  7.1678326800000001 
    8   8.9436850999999997  2.5780232399999998 11.4382604600000004 
    8   6.7355848099999998  1.3050995599999999  7.7820011300000003 
    1   9.7582266999999998  2.1385340700000000 11.1038616799999996 
    1   5.9319070399999996  1.7473548500000000  7.4355105200000002 
    1   8.9657882799999999  3.5026064500000000 11.1049818899999995 
    1   6.7222143799999996  0.3758375200000000  7.4368230100000003 
    8   6.7009081799999999  1.2862397800000001 10.5277000699999999 
    8   8.9806194300000008  2.5994872700000000 14.1920300099999999 
    1   6.7212089300000004  1.2915674399999999  9.5445552599999992 
    1   8.9591074899999992  2.5975385499999999 13.2046010599999999 
    1   7.5097085799999999  1.7486987800000000 10.8303140100000004 
    1   8.1663696899999998  2.1297399600000002 14.4901100700000001 
    8  11.1852326600000005  6.4633707500000002  4.1214130600000001 
    8   8.9765320200000005  5.1898445200000003  0.4666269500000000 
    1  11.9939491700000005  6.0243361899999996  3.7821985800000002 
    1   8.1678700099999997  5.6351676700000004  0.1263912100000000 
    1  11.2036396600000003  7.3844096099999996  3.7830343900000001 
    1   8.9588743900000001  4.2648538399999998  0.1239711500000000 
    8   8.9403453899999992  5.1678984300000002  3.2084465700000000 
    8  11.2216162700000002  6.4842141099999999  6.8651720999999997 
    1   8.9661318899999998  5.1822538700000003  2.2266541399999999 
    1  11.2015241200000002  6.4772023299999999  5.8890775599999996 
    1   9.7575003900000006  5.6313752499999996  3.5097750900000002 
    1  10.4083464400000008  6.0160856699999998  7.1712395700000000 
    8  11.1838834400000007  6.4616501199999998 11.4442096099999997 
    8   8.9788378299999998  5.1911547899999997  7.7797392399999996 
    1  11.9892510699999999  6.0200226099999998 11.1025174000000000 
    1   8.1654818200000001  5.6319106899999998  7.4414863499999999 
    1  11.2060561900000000  7.3876854400000003 11.1069801500000001 
    1   8.9553751399999992  4.2645851400000003  7.4485561999999996 
    8   8.9402570699999995  5.1647699100000004 10.5222688200000007 
    8  11.2233681099999991  6.4850117999999997 14.1898804399999996 
    1   8.9654849999999993  5.1734849599999997  9.5452469700000009 
    1  11.1979753899999999  6.4731253100000004 13.2073593400000000 
    1   9.7576279600000007  5.6345455600000003 10.8327399000000000 
    1  10.4094323499999994  6.0159272399999999 14.4925083800000003 
