 3  1  1 E -0.0E+0 DE 0.0E+0( 1) 
 8.96536240000000006E+00 0.00000000000000000E+00 0.00000000000000000E+00 
 4.47614728695973607E+00 7.76800028506544038E+00 0.00000000000000000E+00 
 0.00000000000000000E+00 0.00000000000000000E+00 1.46387584600000000E+01 
  1 
 1.00000000000000000E+00 0.00000000000000000E+00 0.00000000000000000E+00 
 0.00000000000000000E+00 1.00000000000000000E+00 0.00000000000000000E+00 
 0.00000000000000000E+00 0.00000000000000000E+00 1.00000000000000000E+00 
 0.00000000000000000E+00 0.00000000000000000E+00 0.00000000000000000E+00 
       96 
    8   4.4580969899999996  2.5823847099999999  4.1242327000000003 
    8   2.2549737599999999  1.3056111500000001  0.4617796700000000 
    1   5.2723920700000004  2.1399302499999999  3.7831509699999999 
    1   1.4513526900000000  1.7503554299999999  0.1250463400000000 
    1   4.4809285100000000  3.5050981600000002  3.7844653899999998 
    1   2.2365038400000001  0.3875823700000000  0.1235816700000000 
    8   2.2169947500000000  1.2858156100000000  3.2157318400000001 
    8   4.5052498500000002  2.6008907500000000  6.8681874599999997 
    1   2.2354265700000000  1.2913852299999999  2.2230654300000001 
    1   4.4794982200000000  2.5864184200000002  5.8867669100000004 
    1   3.0350678100000001  1.7516169600000000  3.5092360299999998 
    1   3.6900041300000002  2.1269533900000002  7.1744550499999997 
    8   4.4606617999999996  2.5776236400000001 11.4427740399999998 
    8   2.2570169600000001  1.3092838300000000  7.7769235600000002 
    1   5.2769647300000004  2.1376575799999999 11.1009144499999994 
    1   1.4472548900000000  1.7517074900000000  7.4443410999999999 
    1   4.4793076999999997  3.5039468600000001 11.0977560799999999 
    1   2.2343862300000001  0.3755096300000000  7.4445608200000004 
    8   2.2173133200000001  1.2880901899999999 10.5266560200000008 
    8   4.5025183200000001  2.6098747599999998 14.1935145699999996 
    1   2.2427232300000002  1.2992582300000000  9.5453976699999998 
    1   4.4787370900000001  2.5837189299999999 13.2037743100000000 
    1   3.0334048299999998  1.7541267000000000 10.8254163600000002 
    1   3.6895999100000001  2.1296999099999998 14.4835509099999999 
    8   6.6996683399999997  6.4640568600000003  4.1260070999999998 
    8   4.4966692799999999  5.1853162700000004  0.4595336900000000 
    1   7.5191075200000004  6.0158907599999996  3.7861883900000000 
    1   3.6863282599999998  5.6338136900000002  0.1229042500000000 
    1   6.7238973800000004  7.3864224800000002  3.7860880099999998 
    1   4.4692510299999997  4.2666025200000002  0.1202224900000000 
    8   4.4554907799999999  5.1687947400000001  3.2091707399999998 
    8   6.7396050100000000  6.4874010699999998  6.8735304900000003 
    1   4.4814481199999996  5.1758394200000000  2.2279987700000001 
    1   6.7145362700000000  6.4704631299999997  5.8861417400000002 
    1   5.2712001600000002  5.6348708900000002  3.5061841000000000 
    1   5.9251651100000000  6.0122903399999998  7.1691574400000002 
    8   6.6886958400000003  6.4646875599999998 11.4448155899999993 
    8   4.4934004600000002  5.1956486699999997  7.7799437600000001 
    1   7.5099100800000000  6.0193280700000003 11.1027214700000005 
    1   3.6828521200000002  5.6364682200000003  7.4421379900000000 
    1   6.7194261900000001  7.3925235799999998 11.1067947300000007 
    1   4.4753782299999996  4.2637590699999999  7.4457298500000002 
    8   4.4627748199999999  5.1673218099999998 10.5301069599999995 
    8   6.7378740800000001  6.4813837999999997 14.1889722500000008 
    1   4.4796442200000000  5.1758843099999998  9.5415145500000005 
    1   6.7184884299999998  6.4773677799999998 13.2069860200000004 
    1   5.2672422799999996  5.6297504500000004 10.8314770399999993 
    1   5.9288386800000001  6.0097009699999999 14.4912920399999994 
    8   8.9510276100000006  2.5774386200000001  4.1225200400000004 
    8   6.7392472400000001  1.3114992500000000  0.4559464000000000 
    1   9.7517679299999998  2.1377656900000002  3.7834742399999999 
    1   5.9279977099999996  1.7501138000000001  0.1274572100000000 
    1   8.9717231300000009  3.5043174399999999  3.7833567900000000 
    1   6.7201523099999996  0.3789968200000000  0.1236997800000000 
    8   6.7039965900000000  1.2828144900000000  3.2121071500000000 
    8   8.9761138000000003  2.6006290299999999  6.8695483700000004 
    1   6.7231639100000002  1.2945625100000000  2.2274083899999999 
    1   8.9633018500000006  2.5909226900000002  5.8873822999999996 
    1   7.5141172300000001  1.7473114700000001  3.5093899199999998 
    1   8.1713930200000000  2.1359440900000002  7.1686474999999996 
    8   8.9460214300000001  2.5759237800000001 11.4467285499999996 
    8   6.7417297600000001  1.3040473800000001  7.7833885900000004 
    1   9.7608763199999995  2.1314727000000002 11.1023636499999991 
    1   5.9276863500000001  1.7476721799999999  7.4414135600000000 
    1   8.9679603700000001  3.5010819400000002 11.1015937099999995 
    1   6.7170496300000000  0.3824289200000000  7.4437379500000000 
    8   6.7065567000000001  1.2851514700000000 10.5268163300000008 
    8   8.9840223100000003  2.5956437800000001 14.1905613400000004 
    1   6.7207682599999998  1.2956574599999999  9.5464080100000004 
    1   8.9651591699999997  2.5860997499999998 13.2036748700000004 
    1   7.5138036499999998  1.7531035600000000 10.8289880899999993 
    1   8.1722753899999994  2.1310490400000002 14.4850661699999996 
    8  11.1786193600000008  6.4631277899999997  4.1277076499999996 
    8   8.9760506099999997  5.1883030899999998  0.4659781500000000 
    1  11.9921451999999995  6.0184719199999996  3.7847743600000001 
    1   8.1667660400000006  5.6294515799999996  0.1236840500000000 
    1  11.2006431299999996  7.3872120499999996  3.7801645300000000 
    1   8.9595044900000005  4.2653198200000002  0.1217355500000000 
    8   8.9443113099999998  5.1719030400000001  3.2096683700000002 
    8  11.2209336600000000  6.4861561099999996  6.8630634700000002 
    1   8.9618453700000007  5.1782602899999999  2.2248435700000000 
    1  11.2015065299999996  6.4725521800000001  5.8892775899999998 
    1   9.7565547299999995  5.6345201899999999  3.5116621399999999 
    1  10.4084800099999999  6.0173792099999996  7.1743581699999996 
    8  11.1876431600000004  6.4599045799999999 11.4451591199999996 
    8   8.9771606700000000  5.1829605399999998  7.7845146300000003 
    1  11.9920574999999996  6.0216151399999998 11.1069273299999995 
    1   8.1683270500000003  5.6300312200000002  7.4474140599999998 
    1  11.2045746800000003  7.3863471799999996 11.1067739400000001 
    1   8.9553774300000004  4.2605503200000001  7.4484707099999996 
    8   8.9376889199999994  5.1637101300000001 10.5299426000000000 
    8  11.2163188599999994  6.4850456200000002 14.1864403600000006 
    1   8.9594425500000003  5.1793375700000004  9.5421300700000007 
    1  11.1999311200000005  6.4758765000000000 13.2096003300000007 
    1   9.7571031999999995  5.6336414200000000 10.8307013600000008 
    1  10.4097857900000008  6.0181988700000000 14.4886415999999993 
