 3  1  1 E -0.0E+0 DE 0.0E+0( 1) 
 8.96536240000000006E+00 0.00000000000000000E+00 0.00000000000000000E+00 
 4.47614728695973607E+00 7.76800028506544038E+00 0.00000000000000000E+00 
 0.00000000000000000E+00 0.00000000000000000E+00 1.46387584600000000E+01 
  1 
 1.00000000000000000E+00 0.00000000000000000E+00 0.00000000000000000E+00 
 0.00000000000000000E+00 1.00000000000000000E+00 0.00000000000000000E+00 
 0.00000000000000000E+00 0.00000000000000000E+00 1.00000000000000000E+00 
 0.00000000000000000E+00 0.00000000000000000E+00 0.00000000000000000E+00 
       96 
    8   4.4642015199999996  2.5784294399999999  4.1276608000000001 
    8   2.2562293400000000  1.3048959800000000  0.4623327600000000 
    1   5.2672293899999998  2.1424537099999998  3.7858500199999998 
    1   1.4491909999999999  1.7473183600000000  0.1224928400000000 
    1   4.4899558800000001  3.5106558500000000  3.7818528300000001 
    1   2.2368359299999998  0.3813366400000000  0.1250031400000000 
    8   2.2230713299999998  1.2860988099999999  3.2114187900000002 
    8   4.5037646300000000  2.6045164800000000  6.8732018500000001 
    1   2.2406254799999998  1.2971235999999999  2.2258610800000000 
    1   4.4800823300000001  2.5876136199999999  5.8882807399999999 
    1   3.0287699600000000  1.7507866599999999  3.5150627499999998 
    1   3.6884536400000001  2.1304986000000001  7.1703757499999998 
    8   4.4648710500000002  2.5739243200000002 11.4356827600000006 
    8   2.2615322299999998  1.3048729200000000  7.7824353400000001 
    1   5.2770670099999997  2.1375487199999998 11.1043564499999992 
    1   1.4493232000000000  1.7524006299999999  7.4457485999999999 
    1   4.4822715400000002  3.5051367199999999 11.1061975900000007 
    1   2.2359293600000001  0.3843652500000000  7.4375988700000004 
    8   2.2204745300000002  1.2879763600000000 10.5236686899999992 
    8   4.4973625400000001  2.5994717800000000 14.1909875099999994 
    1   2.2389261000000000  1.2964623600000000  9.5409730499999998 
    1   4.4754313999999997  2.5900969699999998 13.2018405600000008 
    1   3.0287628299999998  1.7495929900000000 10.8308957100000001 
    1   3.6804226799999999  2.1315094900000000 14.4894083800000004 
    8   6.7036312000000002  6.4644908200000000  4.1228475900000001 
    8   4.4935448899999999  5.1904444200000004  0.4616105000000000 
    1   7.5157284999999998  6.0187669499999998  3.7879079700000000 
    1   3.6885144799999998  5.6327592400000004  0.1255237200000000 
    1   6.7223099099999999  7.3913000400000000  3.7798649599999998 
    1   4.4786096000000004  4.2685921799999997  0.1242572300000000 
    8   4.4561715800000004  5.1698009300000001  3.2098446799999998 
    8   6.7340038099999999  6.4832062800000001  6.8694239899999996 
    1   4.4780113400000001  5.1762345400000003  2.2217282599999999 
    1   6.7173327000000000  6.4760338600000003  5.8863165500000001 
    1   5.2735666999999999  5.6379237000000000  3.5080457799999998 
    1   5.9247882799999996  6.0143348100000003  7.1702920499999996 
    8   6.7006815399999997  6.4615850400000001 11.4464331300000008 
    8   4.4939397200000002  5.1825865300000000  7.7869276200000002 
    1   7.5123954599999996  6.0207252999999996 11.1000943599999999 
    1   3.6920802400000001  5.6326739200000002  7.4398089900000004 
    1   6.7208199200000003  7.3895268900000000 11.1073524399999997 
    1   4.4726583199999999  4.2621586499999999  7.4436465700000003 
    8   4.4602078299999999  5.1641201099999998 10.5296627800000007 
    8   6.7337270299999998  6.4823920900000003 14.1894416000000003 
    1   4.4780072700000000  5.1794006200000000  9.5456593999999999 
    1   6.7217908499999997  6.4723313999999998 13.2101389699999991 
    1   5.2659868699999999  5.6373427100000004 10.8224968599999993 
    1   5.9282105400000003  6.0163132199999998 14.4872906900000000 
    8   8.9483090000000001  2.5799359399999999  4.1248850499999996 
    8   6.7385356200000004  1.3045898100000000  0.4577513900000000 
    1   9.7560673599999994  2.1376555800000001  3.7842423300000001 
    1   5.9292739100000000  1.7501082900000000  0.1250042400000000 
    1   8.9659636599999999  3.5049359600000001  3.7825436600000000 
    1   6.7193235400000004  0.3763096700000000  0.1208251400000000 
    8   6.7067863499999998  1.2836000100000000  3.2089382899999999 
    8   8.9808000799999999  2.6017371699999998  6.8717685700000004 
    1   6.7234957599999996  1.2888609499999999  2.2336087700000000 
    1   8.9642791099999997  2.5938090400000000  5.8846761100000000 
    1   7.5138990899999998  1.7583892400000001  3.5133391100000000 
    1   8.1679655800000006  2.1297532800000001  7.1673906100000000 
    8   8.9467322899999999  2.5794482099999998 11.4416650000000004 
    8   6.7401967699999998  1.3080996400000000  7.7847142399999996 
    1   9.7587240000000008  2.1364076900000000 11.1092342700000000 
    1   5.9327557200000003  1.7475831100000001  7.4431220500000004 
    1   8.9717079900000005  3.5012485099999999 11.1051433799999995 
    1   6.7199799499999999  0.3768315600000000  7.4460850699999996 
    8   6.7067609399999997  1.2871883300000000 10.5287310000000005 
    8   8.9778539199999994  2.5995965200000000 14.1796384199999999 
    1   6.7252897200000001  1.2973163700000001  9.5455756800000007 
    1   8.9696360800000008  2.5907665500000001 13.2071259899999998 
    1   7.5193673600000004  1.7553154000000000 10.8325451200000007 
    1   8.1712644900000004  2.1299616900000000 14.4905017399999991 
    8  11.1811936299999992  6.4561925999999996  4.1224607400000002 
    8   8.9847992399999992  5.1856272900000002  0.4555110800000000 
    1  11.9943812500000000  6.0186411800000004  3.7886717800000000 
    1   8.1593503300000005  5.6333657800000001  0.1274238000000000 
    1  11.2012046099999996  7.3870885499999996  3.7852411699999999 
    1   8.9603087299999995  4.2668519199999997  0.1203502400000000 
    8   8.9361299699999996  5.1637060899999998  3.2158580600000000 
    8  11.2190240499999998  6.4813220400000002  6.8683756599999999 
    1   8.9601108400000005  5.1832504400000001  2.2324023600000000 
    1  11.2025587800000004  6.4775447699999997  5.8855359600000003 
    1   9.7494180499999992  5.6334591899999999  3.5037994100000001 
    1  10.4093567500000006  6.0191295299999998  7.1677841000000004 
    8  11.1812789099999996  6.4630507599999998 11.4333399399999998 
    8   8.9800762100000000  5.1859171499999999  7.7811423900000003 
    1  11.9976851599999996  6.0175895500000003 11.1030625199999999 
    1   8.1654845999999992  5.6251746300000001  7.4426289900000002 
    1  11.2011242000000006  7.3850848500000001 11.1009009299999999 
    1   8.9576188600000002  4.2641093500000000  7.4429161600000002 
    8   8.9451732400000008  5.1679604100000001 10.5250217500000005 
    8  11.2247245899999992  6.4819757200000003 14.1907812300000007 
    1   8.9615263100000000  5.1752704100000004  9.5427072299999995 
    1  11.2010326700000000  6.4789721199999999 13.2014394900000003 
    1   9.7596806100000002  5.6368390300000000 10.8283568999999993 
    1  10.4127043199999996  6.0159092599999999 14.4889684699999997 
