 3  1  1 E -0.0E+0 DE 0.0E+0( 1) 
 8.96536240000000006E+00 0.00000000000000000E+00 0.00000000000000000E+00 
 4.47614728695973607E+00 7.76800028506544038E+00 0.00000000000000000E+00 
 0.00000000000000000E+00 0.00000000000000000E+00 1.46387584600000000E+01 
  1 
 1.00000000000000000E+00 0.00000000000000000E+00 0.00000000000000000E+00 
 0.00000000000000000E+00 1.00000000000000000E+00 0.00000000000000000E+00 
 0.00000000000000000E+00 0.00000000000000000E+00 1.00000000000000000E+00 
 0.00000000000000000E+00 0.00000000000000000E+00 0.00000000000000000E+00 
       96 
    8   4.4645430700000004  2.5740599300000002  4.1209007199999999 
    8   2.2601036300000001  1.3028753300000000  0.4607373700000000 
    1   5.2728072099999999  2.1339956899999999  3.7852633099999999 
    1   1.4470661499999999  1.7503170699999999  0.1238400400000000 
    1   4.4835910900000000  3.5007451500000002  3.7842582600000001 
    1   2.2296775599999998  0.3802295200000000  0.1238139300000000 
    8   2.2267611299999999  1.2850176799999999  3.2084295900000002 
    8   4.4961515600000004  2.6005308899999999  6.8716556400000002 
    1   2.2436764700000000  1.2909923800000001  2.2258632199999999 
    1   4.4821179400000002  2.5870381899999999  5.8865432699999998 
    1   3.0296591700000000  1.7513842900000001  3.5157866800000002 
    1   3.6867031400000001  2.1382518199999998  7.1725121700000001 
    8   4.4590060500000002  2.5812201199999998 11.4350532900000008 
    8   2.2552047900000001  1.3027241800000000  7.7807011700000004 
    1   5.2675069199999998  2.1383036700000000 11.1039943000000001 
    1   1.4468432899999999  1.7461173800000001  7.4422706300000003 
    1   4.4852263399999996  3.5014184099999999 11.1061599599999994 
    1   2.2385533199999998  0.3809593900000000  7.4417714400000001 
    8   2.2190382700000000  1.2831395000000001 10.5259114300000007 
    8   4.4992282000000001  2.5925647700000001 14.1907300099999993 
    1   2.2415628700000001  1.2961514500000000  9.5489421199999995 
    1   4.4846424300000001  2.5893905699999999 13.2026674600000007 
    1   3.0275254600000001  1.7471700400000001 10.8326142900000004 
    1   3.6877316599999999  2.1299547900000002 14.4858563399999998 
    8   6.7006630899999999  6.4674198000000001  4.1229025999999998 
    8   4.4967790599999997  5.1916913400000002  0.4585190600000000 
    1   7.5120617100000002  6.0212472300000002  3.7849391200000002 
    1   3.6867394099999999  5.6283604000000000  0.1247518000000000 
    1   6.7156419500000002  7.3862243699999999  3.7890786400000001 
    1   4.4727623999999997  4.2633199900000003  0.1246685400000000 
    8   4.4593961699999998  5.1639358099999999  3.2073053599999999 
    8   6.7399570799999999  6.4852593599999997  6.8744390099999997 
    1   4.4793277199999997  5.1779999200000004  2.2240695800000001 
    1   6.7191251300000001  6.4711290300000002  5.8797116999999997 
    1   5.2695150999999996  5.6321086300000003  3.5153384200000000 
    1   5.9250634499999997  6.0196875399999996  7.1707437399999998 
    8   6.6953226199999998  6.4632673299999999 11.4475643100000006 
    8   4.4954514200000002  5.1937952300000001  7.7828194699999997 
    1   7.5117728000000001  6.0237094700000000 11.1053566000000004 
    1   3.6873877400000001  5.6352481599999997  7.4428681000000001 
    1   6.7234438599999997  7.3841005700000002 11.0980734499999993 
    1   4.4734876400000001  4.2664167300000004  7.4431950300000000 
    8   4.4553151700000004  5.1677981900000001 10.5341145199999993 
    8   6.7365467399999996  6.4851179700000001 14.1900180200000001 
    1   4.4760396699999996  5.1718545400000000  9.5471899499999999 
    1   6.7200030799999997  6.4752950000000000 13.2085316000000006 
    1   5.2698784400000003  5.6395826900000001 10.8255307599999995 
    1   5.9184912000000001  6.0152782800000004 14.4904059099999998 
    8   8.9459715000000006  2.5825168299999999  4.1229365800000002 
    8   6.7453176900000003  1.3076304100000000  0.4651987800000000 
    1   9.7620807400000000  2.1355051999999999  3.7868013500000002 
    1   5.9338413599999997  1.7481254799999999  0.1254422600000000 
    1   8.9654288999999991  3.5013211399999999  3.7855614900000001 
    1   6.7204424400000002  0.3824483500000000  0.1154616300000000 
    8   6.6988207800000001  1.2826574300000000  3.2150221299999999 
    8   8.9835645399999997  2.6029506400000000  6.8650221599999997 
    1   6.7242651400000000  1.3001219100000001  2.2284543600000002 
    1   8.9618914000000007  2.5885847800000001  5.8871415300000001 
    1   7.5093962999999997  1.7533951400000001  3.5058802800000000 
    1   8.1715198699999991  2.1370625900000002  7.1682464699999997 
    8   8.9462232499999992  2.5731530000000000 11.4461489600000004 
    8   6.7450864800000003  1.3073326400000000  7.7794247299999997 
    1   9.7588993700000000  2.1376934699999999 11.0994631800000008 
    1   5.9369218600000000  1.7482855900000001  7.4417476200000001 
    1   8.9646517499999998  3.5021946300000000 11.1054887099999995 
    1   6.7124709800000000  0.3826493500000000  7.4353917799999998 
    8   6.7071512100000001  1.2822720599999999 10.5233218999999991 
    8   8.9768640600000005  2.6024077299999999 14.1863544000000008 
    1   6.7226734500000003  1.2895148200000000  9.5419297299999997 
    1   8.9614442600000004  2.5903540000000000 13.2030016200000002 
    1   7.5191318200000001  1.7572470000000000 10.8253621199999994 
    1   8.1693122599999999  2.1306276400000002 14.4934626000000009 
    8  11.1886271700000002  6.4610956200000000  4.1250426100000004 
    8   8.9835943900000004  5.1886004400000001  0.4670714600000000 
    1  11.9917104800000001  6.0196116200000001  3.7827489999999999 
    1   8.1665344199999996  5.6342877199999997  0.1281652700000000 
    1  11.2077392200000006  7.3813665100000003  3.7895734000000001 
    1   8.9568252699999995  4.2653025700000002  0.1230276200000000 
    8   8.9437779400000004  5.1688732200000000  3.2087938500000002 
    8  11.2224013100000004  6.4793726999999999  6.8714882199999998 
    1   8.9497363100000005  5.1772172400000001  2.2296889400000000 
    1  11.2000444800000007  6.4685114099999996  5.8856268500000004 
    1   9.7498745800000002  5.6384834899999996  3.5070857499999999 
    1  10.4136229900000004  6.0120286500000004  7.1748615700000000 
    8  11.1801769699999998  6.4637086799999999 11.4420520999999997 
    8   8.9794028600000004  5.1889560799999996  7.7830742700000002 
    1  11.9951767700000005  6.0240454000000003 11.1015226899999995 
    1   8.1709289700000003  5.6368374200000000  7.4457230900000004 
    1  11.2108494600000004  7.3835000600000003 11.1024353100000006 
    1   8.9602400200000005  4.2652601499999996  7.4443016100000001 
    8   8.9433278999999999  5.1687689800000003 10.5254446799999997 
    8  11.2200147700000006  6.4834507400000003 14.1900813800000005 
    1   8.9626467400000003  5.1789064900000001  9.5444122700000005 
    1  11.2027222599999998  6.4724423599999996 13.2044035199999996 
    1   9.7600375199999991  5.6348623699999996 10.8309999999999995 
    1  10.4079431499999995  6.0152860600000002 14.4916689400000003 
