 3  1  1 E -0.0E+0 DE 0.0E+0( 1) 
 8.96536240000000006E+00 0.00000000000000000E+00 0.00000000000000000E+00 
 4.47614728695973607E+00 7.76800028506544038E+00 0.00000000000000000E+00 
 0.00000000000000000E+00 0.00000000000000000E+00 1.46387584600000000E+01 
  1 
 1.00000000000000000E+00 0.00000000000000000E+00 0.00000000000000000E+00 
 0.00000000000000000E+00 1.00000000000000000E+00 0.00000000000000000E+00 
 0.00000000000000000E+00 0.00000000000000000E+00 1.00000000000000000E+00 
 0.00000000000000000E+00 0.00000000000000000E+00 0.00000000000000000E+00 
       96 
    8   4.4626524700000001  2.5795305900000001  4.1201102100000000 
    8   2.2510734900000000  1.3104192600000000  0.4653127500000000 
    1   5.2762018399999997  2.1338969900000002  3.7836953000000002 
    1   1.4438141000000000  1.7490072900000000  0.1286432300000000 
    1   4.4829043899999999  3.5039416999999999  3.7882954600000001 
    1   2.2418689000000001  0.3804768000000000  0.1293381500000000 
    8   2.2249601399999999  1.2847251700000000  3.2128167400000001 
    8   4.5000229500000000  2.5958476899999998  6.8693710399999999 
    1   2.2421296700000002  1.2973692100000001  2.2268389100000001 
    1   4.4844581500000000  2.5919755599999998  5.8820673499999998 
    1   3.0310842999999998  1.7503793100000000  3.5135270200000002 
    1   3.6889428600000000  2.1313664700000001  7.1682743899999997 
    8   4.4639998600000004  2.5739936399999999 11.4394241200000000 
    8   2.2610728500000001  1.3038698500000001  7.7802967199999999 
    1   5.2735242400000004  2.1319520000000001 11.1057789099999997 
    1   1.4504416000000000  1.7409333100000000  7.4407789400000004 
    1   4.4839440599999998  3.4973608500000002 11.1067980199999994 
    1   2.2397690799999999  0.3806655800000000  7.4505733799999998 
    8   2.2241164900000001  1.2786169199999999 10.5300655800000005 
    8   4.5035137900000004  2.6046528800000002 14.1907249699999998 
    1   2.2372923800000000  1.2949197699999999  9.5495804799999995 
    1   4.4836244900000004  2.5918528099999998 13.2041365400000004 
    1   3.0327822699999998  1.7532580200000001 10.8259254499999997 
    1   3.6909028199999998  2.1331185600000002 14.4864453799999993 
    8   6.7000121799999999  6.4618696499999997  4.1131641600000002 
    8   4.4939180399999996  5.1864998399999998  0.4643641100000000 
    1   7.5145234800000003  6.0203037200000002  3.7800196800000001 
    1   3.6898837300000000  5.6334223500000000  0.1184955900000000 
    1   6.7218046400000002  7.3863455199999999  3.7813034700000001 
    1   4.4747831800000002  4.2645729399999999  0.1218095700000000 
    8   4.4585558399999998  5.1640102199999998  3.2099923600000002 
    8   6.7395200600000003  6.4826229700000004  6.8696544299999998 
    1   4.4781179099999999  5.1770498700000003  2.2255495900000000 
    1   6.7267971700000002  6.4754642100000002  5.8842051599999996 
    1   5.2699607000000004  5.6319676200000002  3.5072265699999998 
    1   5.9240459300000001  6.0172790999999997  7.1746888999999996 
    8   6.6991573000000004  6.4646128400000000 11.4375878800000006 
    8   4.4966901699999999  5.1952733699999998  7.7841511499999996 
    1   7.5124097900000004  6.0168901400000001 11.1010274700000000 
    1   3.6852456500000002  5.6377740300000001  7.4405897000000003 
    1   6.7180020799999998  7.3910355699999997 11.1072257699999994 
    1   4.4734139400000004  4.2661751600000004  7.4385185600000003 
    8   4.4647231700000001  5.1705685800000003 10.5292222500000001 
    8   6.7381913300000003  6.4822720599999997 14.1887692600000008 
    1   4.4845252499999999  5.1759302900000002  9.5410860100000008 
    1   6.7134179899999999  6.4683184499999999 13.2065461899999992 
    1   5.2685601300000000  5.6361193500000004 10.8281326199999999 
    1   5.9244196100000002  6.0164635700000000 14.4907337900000002 
    8   8.9379648799999991  2.5749659500000002  4.1193009600000003 
    8   6.7438985000000002  1.3049400099999999  0.4619823000000000 
    1   9.7599201000000004  2.1355860600000001  3.7863491599999999 
    1   5.9342990100000002  1.7465331300000000  0.1226343500000000 
    1   8.9627683600000001  3.4999361100000002  3.7858366700000001 
    1   6.7201951900000001  0.3754145700000000  0.1262498600000000 
    8   6.7060245600000004  1.2866425100000001  3.2114089099999998 
    8   8.9801301500000008  2.6044593200000001  6.8673494799999997 
    1   6.7260070900000004  1.2914712200000000  2.2248017999999998 
    1   8.9648445999999993  2.5944654599999999  5.8842826900000000 
    1   7.5058004299999999  1.7536220100000000  3.5123925300000001 
    1   8.1778626400000007  2.1318236900000000  7.1677358599999996 
    8   8.9449890700000001  2.5731662499999999 11.4426750100000003 
    8   6.7358261600000002  1.3012118399999999  7.7793469100000001 
    1   9.7535318199999992  2.1409116500000001 11.1063561499999999 
    1   5.9354526400000003  1.7452223099999999  7.4422115800000004 
    1   8.9652599599999991  3.5046843800000000 11.1018357400000003 
    1   6.7214482799999997  0.3810174900000000  7.4472349600000003 
    8   6.7009819899999998  1.2780513499999999 10.5329815100000008 
    8   8.9810576700000002  2.6007541500000002 14.1871015600000003 
    1   6.7213270200000004  1.2967985200000001  9.5504821799999995 
    1   8.9622268999999992  2.5898508900000001 13.2014505300000007 
    1   7.5155936900000002  1.7558174900000001 10.8273622100000004 
    1   8.1713857599999997  2.1278348700000000 14.4889606799999999 
    8  11.1846952500000008  6.4630681799999996  4.1271813300000000 
    8   8.9794122400000003  5.1877121800000001  0.4677044000000000 
    1  11.9965589999999995  6.0149138899999999  3.7891763699999998 
    1   8.1672476799999991  5.6332779200000003  0.1263394800000000 
    1  11.2056342499999992  7.3879167900000002  3.7865962000000000 
    1   8.9575625199999998  4.2700994500000000  0.1257855500000000 
    8   8.9351663400000003  5.1678401100000002  3.2044829099999999 
    8  11.2231894299999997  6.4824555999999998  6.8708484900000002 
    1   8.9581430700000002  5.1798450100000002  2.2271564700000002 
    1  11.2014183299999992  6.4774192599999996  5.8847178700000002 
    1   9.7524909199999996  5.6352031800000004  3.5068908500000000 
    1  10.4079929500000006  6.0180688299999998  7.1665300299999997 
    8  11.1804851400000000  6.4631613300000001 11.4461244400000002 
    8   8.9769293000000001  5.1929329800000001  7.7788427400000000 
    1  11.9943383299999997  6.0196005899999996 11.1019134899999994 
    1   8.1623014000000005  5.6302059599999996  7.4461959699999998 
    1  11.2026445799999994  7.3840564600000000 11.1001340800000001 
    1   8.9582375499999998  4.2669515899999997  7.4448914300000002 
    8   8.9416434299999992  5.1636965999999997 10.5305645499999994 
    8  11.2228881900000008  6.4883938800000003 14.1902752000000003 
    1   8.9614256900000004  5.1758987500000000  9.5430293099999997 
    1  11.2095256400000007  6.4748732899999997 13.2057313399999998 
    1   9.7561551200000007  5.6360619999999999 10.8312356300000001 
    1  10.4058049100000005  6.0128183799999997 14.4958941800000005 
