 3  1  1 E -0.0E+0 DE 0.0E+0( 1) 
 8.96536240000000006E+00 0.00000000000000000E+00 0.00000000000000000E+00 
 4.47614728695973607E+00 7.76800028506544038E+00 0.00000000000000000E+00 
 0.00000000000000000E+00 0.00000000000000000E+00 1.46387584600000000E+01 
  1 
 1.00000000000000000E+00 0.00000000000000000E+00 0.00000000000000000E+00 
 0.00000000000000000E+00 1.00000000000000000E+00 0.00000000000000000E+00 
 0.00000000000000000E+00 0.00000000000000000E+00 1.00000000000000000E+00 
 0.00000000000000000E+00 0.00000000000000000E+00 0.00000000000000000E+00 
       96 
    8   4.4582785400000002  2.5811507900000001  4.1183717000000000 
    8   2.2570978500000001  1.3012857900000001  0.4576666900000000 
    1   5.2752144200000002  2.1350760900000001  3.7794610300000002 
    1   1.4445515799999999  1.7502594100000000  0.1308611900000000 
    1   4.4851235400000000  3.5006614100000002  3.7790120200000001 
    1   2.2398378000000001  0.3799751300000000  0.1265994900000000 
    8   2.2200060800000001  1.2854953200000001  3.2122032100000002 
    8   4.4989437900000002  2.5984839000000002  6.8650129700000004 
    1   2.2372421899999999  1.2916834600000000  2.2236366599999999 
    1   4.4804014900000002  2.5888101099999998  5.8876265400000003 
    1   3.0314610200000001  1.7501944000000000  3.5132390000000000 
    1   3.6884328700000002  2.1322925599999998  7.1677615599999998 
    8   4.4627696400000003  2.5781751300000000 11.4367342500000007 
    8   2.2595268499999999  1.3087775100000001  7.7863553400000001 
    1   5.2718643900000002  2.1361122099999998 11.1079635299999993 
    1   1.4472587699999999  1.7476064000000000  7.4408419700000001 
    1   4.4844584799999998  3.5009597000000001 11.1012637099999996 
    1   2.2396882599999999  0.3814160200000000  7.4452742499999998 
    8   2.2167104399999999  1.2841713100000001 10.5269326799999998 
    8   4.4978085800000001  2.6019051900000001 14.1861260300000005 
    1   2.2425834099999999  1.2953555600000000  9.5469928599999996 
    1   4.4762455900000004  2.5926447900000000 13.2032790500000008 
    1   3.0309460499999998  1.7530474100000000 10.8292796199999994 
    1   3.6960569099999998  2.1286202099999998 14.4878555500000008 
    8   6.6945889100000002  6.4632352800000001  4.1228612199999999 
    8   4.4963611999999999  5.1933891200000000  0.4617222000000000 
    1   7.5132129599999997  6.0197237699999997  3.7816803100000000 
    1   3.6883117799999998  5.6265863500000002  0.1292706500000000 
    1   6.7181035800000002  7.3846588100000004  3.7804610300000001 
    1   4.4677296799999997  4.2633411700000003  0.1243381100000000 
    8   4.4619094800000001  5.1694092200000004  3.2087733400000000 
    8   6.7373388900000002  6.4876183000000003  6.8719479799999998 
    1   4.4745309100000004  5.1812024100000000  2.2279128199999998 
    1   6.7208396800000001  6.4732209599999999  5.8894707500000001 
    1   5.2667461299999996  5.6347650500000004  3.5111774300000000 
    1   5.9272464100000004  6.0163591700000003  7.1621100200000001 
    8   6.7031033300000002  6.4627302400000000 11.4432396599999997 
    8   4.4956135799999997  5.1944251200000000  7.7836178199999999 
    1   7.5080098299999998  6.0201801399999999 11.1058139199999992 
    1   3.6813790700000002  5.6307602699999997  7.4445563200000002 
    1   6.7263409200000002  7.3898531099999998 11.1084850700000004 
    1   4.4751486600000003  4.2598531099999999  7.4414419299999999 
    8   4.4601425499999996  5.1641326799999998 10.5326019300000002 
    8   6.7325906000000000  6.4848802299999999 14.1904313999999996 
    1   4.4718061499999999  5.1836066100000000  9.5479400800000001 
    1   6.7164623700000003  6.4716949699999997 13.2027632599999993 
    1   5.2780603700000004  5.6418197899999996 10.8305421400000004 
    1   5.9274225800000000  6.0177743000000001 14.4914626999999996 
    8   8.9477800199999997  2.5779787800000000  4.1185365599999999 
    8   6.7399292600000003  1.3049411099999999  0.4643941700000000 
    1   9.7576435000000004  2.1395701599999999  3.7810990200000001 
    1   5.9336180399999998  1.7490800200000001  0.1237890400000000 
    1   8.9693184200000005  3.5000889000000002  3.7785478800000001 
    1   6.7213549099999996  0.3818371700000000  0.1218009800000000 
    8   6.7097843900000003  1.2846941300000001  3.2121583199999999 
    8   8.9838967499999995  2.6061042600000000  6.8661130899999998 
    1   6.7203414500000003  1.2918396999999999  2.2236431600000000 
    1   8.9690867999999995  2.5915004800000001  5.8885087199999999 
    1   7.5127884299999996  1.7516754400000001  3.5080281400000000 
    1   8.1740241900000008  2.1368009400000001  7.1626646899999997 
    8   8.9395247999999992  2.5778715299999999 11.4372190800000002 
    8   6.7438619800000001  1.2998057199999999  7.7862138999999999 
    1   9.7548341900000004  2.1362476199999998 11.1062095900000006 
    1   5.9308154100000001  1.7479127200000000  7.4453489199999998 
    1   8.9690704900000000  3.4976804300000000 11.1034241700000003 
    1   6.7188176300000002  0.3863053600000000  7.4425051800000004 
    8   6.6999825199999998  1.2849214400000000 10.5320506500000004 
    8   8.9866291700000005  2.6068875399999998 14.1884352699999994 
    1   6.7252239899999999  1.2917222100000001  9.5436135400000008 
    1   8.9621860099999999  2.5886502500000002 13.2043455600000001 
    1   7.5194394100000004  1.7511464600000000 10.8324113900000008 
    1   8.1718891899999999  2.1299237299999998 14.4926087900000002 
    8  11.1822906900000003  6.4614092300000001  4.1179707900000002 
    8   8.9795992200000008  5.1864342199999998  0.4612669200000000 
    1  11.9945344899999995  6.0153799299999999  3.7861349999999998 
    1   8.1723118400000008  5.6351849400000003  0.1179440000000000 
    1  11.2112365999999994  7.3813622499999996  3.7869850800000000 
    1   8.9582513899999991  4.2694420900000001  0.1241591800000000 
    8   8.9398471700000002  5.1728631900000002  3.2089935100000000 
    8  11.2196530800000005  6.4882202099999997  6.8705914000000003 
    1   8.9610645200000008  5.1808943300000001  2.2302149299999998 
    1  11.2062935100000001  6.4729138600000002  5.8844948099999996 
    1   9.7551891400000006  5.6371360199999998  3.5106323200000000 
    1  10.4056654200000001  6.0217937099999999  7.1732728799999999 
    8  11.1856002500000002  6.4592695999999998 11.4382371200000001 
    8   8.9744530699999991  5.1885360299999999  7.7793027400000003 
    1  11.9918154999999995  6.0229387699999997 11.1055014500000002 
    1   8.1677594300000003  5.6304008400000001  7.4434594299999999 
    1  11.2058762600000001  7.3884103300000001 11.1043497400000000 
    1   8.9548768200000008  4.2680197099999999  7.4469216800000000 
    8   8.9402334700000008  5.1698127700000001 10.5275136699999994 
    8  11.2185422700000004  6.4819353199999998 14.1914666100000009 
    1   8.9645879300000004  5.1788926999999996  9.5435058399999999 
    1  11.2017671399999994  6.4688872200000000 13.2115855900000003 
    1   9.7576021599999994  5.6370242199999998 10.8309710900000002 
    1  10.4115128899999991  6.0187812200000002 14.4876347699999997 
