 3  1  1 E -0.0E+0 DE 0.0E+0( 1) 
 8.96536240000000006E+00 0.00000000000000000E+00 0.00000000000000000E+00 
 4.47614728695973607E+00 7.76800028506544038E+00 0.00000000000000000E+00 
 0.00000000000000000E+00 0.00000000000000000E+00 1.46387584600000000E+01 
  1 
 1.00000000000000000E+00 0.00000000000000000E+00 0.00000000000000000E+00 
 0.00000000000000000E+00 1.00000000000000000E+00 0.00000000000000000E+00 
 0.00000000000000000E+00 0.00000000000000000E+00 1.00000000000000000E+00 
 0.00000000000000000E+00 0.00000000000000000E+00 0.00000000000000000E+00 
       96 
    8   4.4602839599999999  2.5779457899999998  4.1249568600000002 
    8   2.2550900199999999  1.3062703400000000  0.4636747900000000 
    1   5.2720364000000002  2.1402680699999999  3.7877151699999998 
    1   1.4476905499999999  1.7477343999999999  0.1257776600000000 
    1   4.4854830999999997  3.4961194199999999  3.7811711699999999 
    1   2.2398045099999999  0.3801829200000000  0.1213889200000000 
    8   2.2188531000000000  1.2885806700000000  3.2115677100000002 
    8   4.5000557600000004  2.5996572499999999  6.8748807699999999 
    1   2.2434081199999998  1.2929602099999999  2.2229960900000001 
    1   4.4790644799999999  2.5872367500000002  5.8859017900000001 
    1   3.0335274600000002  1.7526559200000000  3.5082642499999999 
    1   3.6876844900000001  2.1345384500000000  7.1702262100000000 
    8   4.4598733700000004  2.5771756300000002 11.4410145700000001 
    8   2.2583594699999998  1.3033442099999999  7.7794493500000002 
    1   5.2705814000000002  2.1374358800000000 11.1002422999999997 
    1   1.4471057000000001  1.7453966100000000  7.4432001000000003 
    1   4.4833432999999996  3.5027174900000002 11.1026768100000002 
    1   2.2339078699999999  0.3776829400000000  7.4383747700000002 
    8   2.2183965400000001  1.2829071900000000 10.5319845399999998 
    8   4.4932116500000001  2.5976101599999999 14.1904841499999996 
    1   2.2349531900000001  1.2939392100000000  9.5408147599999999 
    1   4.4822184500000004  2.5951635999999998 13.2094471400000000 
    1   3.0288985600000000  1.7505410400000001 10.8289917700000000 
    1   3.6887335999999999  2.1289377100000002 14.4872458500000008 
    8   6.7017607300000002  6.4629110100000000  4.1206967099999998 
    8   4.4953760500000000  5.1907001900000003  0.4583762700000000 
    1   7.5092398200000003  6.0204407199999999  3.7794580000000000 
    1   3.6879185300000001  5.6283501700000000  0.1221395600000000 
    1   6.7236800499999996  7.3842762100000003  3.7856822100000000 
    1   4.4804872600000003  4.2603517899999996  0.1235646300000000 
    8   4.4553732400000001  5.1689055100000001  3.2166906499999999 
    8   6.7320866099999996  6.4872834299999997  6.8716136099999998 
    1   4.4759862000000004  5.1827784699999997  2.2291557700000002 
    1   6.7180590400000000  6.4717932999999999  5.8820445799999996 
    1   5.2687730200000003  5.6378435500000004  3.5115147800000002 
    1   5.9241483600000002  6.0173410900000004  7.1719796999999996 
    8   6.6975198200000001  6.4629048600000001 11.4425404900000007 
    8   4.4960009899999998  5.1879478900000002  7.7778419999999997 
    1   7.5092303400000002  6.0161483000000002 11.1033229900000006 
    1   3.6825879700000002  5.6342404999999998  7.4439308600000000 
    1   6.7196250300000004  7.3853764699999997 11.1071551300000007 
    1   4.4721947699999998  4.2676833299999997  7.4445085500000001 
    8   4.4576156300000003  5.1655994300000003 10.5297906900000005 
    8   6.7400698300000004  6.4865159900000000 14.1891260700000004 
    1   4.4793934399999999  5.1781582899999998  9.5445952100000007 
    1   6.7190323699999999  6.4778055300000004 13.2120034600000000 
    1   5.2704839000000003  5.6402209000000001 10.8297415600000004 
    1   5.9285477400000000  6.0156391999999999 14.4844460399999999 
    8   8.9467758800000006  2.5784199600000002  4.1209529900000001 
    8   6.7371658900000000  1.3076567500000000  0.4599580200000000 
    1   9.7558004300000007  2.1418554300000001  3.7852047299999998 
    1   5.9299482599999997  1.7451535800000000  0.1226009900000000 
    1   8.9638630100000007  3.4969058799999999  3.7865474300000002 
    1   6.7179399799999997  0.3816425500000000  0.1194482100000000 
    8   6.7019101399999998  1.2804344000000001  3.2165763100000002 
    8   8.9827877800000007  2.6015210099999999  6.8707881899999999 
    1   6.7284378900000004  1.3003428900000000  2.2267504400000000 
    1   8.9617082099999994  2.5867026599999998  5.8828656700000002 
    1   7.5117481699999997  1.7543847900000000  3.5074995400000000 
    1   8.1647575900000007  2.1358145300000002  7.1705131700000004 
    8   8.9461751100000004  2.5767019300000000 11.4417312700000000 
    8   6.7401179400000002  1.3002477800000001  7.7772417000000003 
    1   9.7513551700000001  2.1311733199999998 11.1064985600000004 
    1   5.9284233400000002  1.7428654400000001  7.4462047800000004 
    1   8.9675624099999993  3.5045320100000001 11.0989503900000006 
    1   6.7190055199999996  0.3768669300000000  7.4448615000000000 
    8   6.7073760699999996  1.2843547700000000 10.5272657499999998 
    8   8.9826352600000003  2.6007950800000001 14.1909288300000007 
    1   6.7251300499999997  1.2942997599999999  9.5502451500000003 
    1   8.9645724999999992  2.5887842700000001 13.2057798700000006 
    1   7.5141422699999998  1.7551278800000001 10.8277764899999998 
    1   8.1736044400000001  2.1326398000000002 14.4933962199999993 
    8  11.1811294900000000  6.4675856800000000  4.1251810999999998 
    8   8.9889148599999995  5.1866163199999997  0.4614144200000000 
    1  11.9990325000000002  6.0169815900000003  3.7834437599999999 
    1   8.1776600800000008  5.6299524900000000  0.1223709700000000 
    1  11.2082612600000004  7.3858794600000000  3.7879331999999999 
    1   8.9596010400000008  4.2636948400000003  0.1194572000000000 
    8   8.9475889599999991  5.1610857899999996  3.2095670300000001 
    8  11.2214113599999994  6.4810481099999997  6.8668737499999999 
    1   8.9630153999999997  5.1829042799999998  2.2257625800000000 
    1  11.1983595600000001  6.4722087600000000  5.8891683700000002 
    1   9.7539142999999999  5.6347570800000000  3.5115298400000001 
    1  10.4096128900000000  6.0139845400000000  7.1689891699999997 
    8  11.1802945499999993  6.4563136600000002 11.4463738999999993 
    8   8.9774339699999999  5.1883479399999999  7.7843080100000002 
    1  11.9898405399999994  6.0238545600000002 11.1038633799999999 
    1   8.1657335900000003  5.6323530599999998  7.4455486899999999 
    1  11.2076507599999999  7.3896405900000000 11.1068122999999996 
    1   8.9561268999999992  4.2638996699999998  7.4411747200000002 
    8   8.9472102499999995  5.1692802699999998 10.5260473900000004 
    8  11.2237574400000000  6.4873565900000001 14.1894887300000008 
    1   8.9613439400000008  5.1761315400000001  9.5474736599999996 
    1  11.1992450199999993  6.4772159399999998 13.2092695700000000 
    1   9.7457533800000000  5.6348920400000004 10.8305551599999994 
    1  10.4064033200000008  6.0144897300000002 14.4921668799999992 
