 3  1  1 E -0.0E+0 DE 0.0E+0( 1) 
 8.96536240000000006E+00 0.00000000000000000E+00 0.00000000000000000E+00 
 4.47614728695973607E+00 7.76800028506544038E+00 0.00000000000000000E+00 
 0.00000000000000000E+00 0.00000000000000000E+00 1.46387584600000000E+01 
  1 
 1.00000000000000000E+00 0.00000000000000000E+00 0.00000000000000000E+00 
 0.00000000000000000E+00 1.00000000000000000E+00 0.00000000000000000E+00 
 0.00000000000000000E+00 0.00000000000000000E+00 1.00000000000000000E+00 
 0.00000000000000000E+00 0.00000000000000000E+00 0.00000000000000000E+00 
       96 
    8   4.4596855199999998  2.5867685599999999  4.1200262600000004 
    8   2.2572159500000000  1.3052951900000000  0.4586005900000000 
    1   5.2746288699999999  2.1352835400000001  3.7842424000000001 
    1   1.4488320200000000  1.7474625800000001  0.1230777900000000 
    1   4.4837865700000004  3.5045230699999999  3.7832247300000001 
    1   2.2391650099999998  0.3830122600000000  0.1247392100000000 
    8   2.2183228499999998  1.2805761600000001  3.2088001199999998 
    8   4.4998702699999997  2.6014895999999998  6.8656238700000003 
    1   2.2414875400000001  1.2971352500000000  2.2275022000000000 
    1   4.4827383999999997  2.5931433500000001  5.8887457200000002 
    1   3.0349207599999999  1.7563971800000000  3.5083989600000001 
    1   3.6868907700000002  2.1343560699999999  7.1664568500000003 
    8   4.4646398800000000  2.5780718999999999 11.4451442599999993 
    8   2.2577465000000001  1.3021958300000001  7.7827732100000002 
    1   5.2671280400000002  2.1328916900000001 11.1044973900000006 
    1   1.4481881000000001  1.7505217900000001  7.4446241799999999 
    1   4.4800217599999996  3.5033084400000001 11.1049492099999991 
    1   2.2384462100000002  0.3847616600000000  7.4440072800000001 
    8   2.2206955399999999  1.2900724100000001 10.5306121600000004 
    8   4.4969447899999997  2.6004082700000000 14.1895236300000001 
    1   2.2417946000000000  1.2918031699999999  9.5489945499999997 
    1   4.4799184099999998  2.5886955000000000 13.1980694500000002 
    1   3.0318643900000000  1.7531473300000000 10.8289678899999995 
    1   3.6898672499999998  2.1315564800000000 14.4893190100000009 
    8   6.7037101200000002  6.4644502700000004  4.1226108899999998 
    8   4.4991604000000001  5.1887521300000001  0.4651471800000000 
    1   7.5088578400000001  6.0202340500000000  3.7869632900000001 
    1   3.6800168800000002  5.6318295999999997  0.1199820300000000 
    1   6.7268372599999999  7.3838559999999998  3.7805409299999999 
    1   4.4735902899999997  4.2638796299999999  0.1253784500000000 
    8   4.4564482200000004  5.1700994199999997  3.2076348399999999 
    8   6.7357033700000004  6.4863630600000004  6.8674650799999997 
    1   4.4771294299999997  5.1802969399999999  2.2305078100000002 
    1   6.7166959799999999  6.4776437900000001  5.8854788700000000 
    1   5.2721981900000001  5.6351335200000001  3.5085183099999999 
    1   5.9229736500000003  6.0193793199999996  7.1701460199999998 
    8   6.7006840199999997  6.4633208800000004 11.4434782899999998 
    8   4.4956055499999996  5.1859210800000000  7.7859866000000002 
    1   7.5104513199999996  6.0202512300000004 11.1036574899999998 
    1   3.6883793699999998  5.6298123499999999  7.4413588800000001 
    1   6.7181914200000001  7.3800987800000000 11.1027638799999995 
    1   4.4725579700000004  4.2639931300000002  7.4422601200000003 
    8   4.4561363800000002  5.1677051900000004 10.5308290600000003 
    8   6.7362540700000002  6.4894101300000004 14.1866208599999997 
    1   4.4787515000000004  5.1811379799999999  9.5463867800000006 
    1   6.7189397900000003  6.4683336300000001 13.2008343600000000 
    1   5.2699363799999999  5.6311048899999996 10.8296616399999994 
    1   5.9341457899999996  6.0165565399999998 14.4918092000000005 
    8   8.9406347000000004  2.5771118500000001  4.1253511300000003 
    8   6.7416987199999996  1.3038118800000000  0.4623819100000000 
    1   9.7517372299999998  2.1346457800000000  3.7801298700000001 
    1   5.9284141000000004  1.7491285500000000  0.1280910400000000 
    1   8.9690923900000001  3.4977443199999998  3.7804594599999999 
    1   6.7195619300000002  0.3764705300000000  0.1223843500000000 
    8   6.7042761700000000  1.2846880599999999  3.2052148100000002 
    8   8.9787666999999995  2.6022748400000002  6.8754890599999996 
    1   6.7264005999999998  1.2945678100000000  2.2268542199999999 
    1   8.9630103900000009  2.5890000700000000  5.8881348600000001 
    1   7.5189437899999998  1.7593006499999999  3.5045080099999999 
    1   8.1721647100000006  2.1359870900000000  7.1661962700000004 
    8   8.9413522400000005  2.5821577699999998 11.4395934399999994 
    8   6.7386000499999996  1.3030276000000001  7.7864553100000000 
    1   9.7598297299999999  2.1401040800000000 11.1044261700000000 
    1   5.9271551599999999  1.7438970199999999  7.4426065299999999 
    1   8.9716650799999993  3.5031053299999999 11.1022341900000008 
    1   6.7172656999999996  0.3807755600000000  7.4439293500000003 
    8   6.7018771700000004  1.2839806100000000 10.5253229499999996 
    8   8.9816365200000003  2.5977629100000001 14.1917081500000002 
    1   6.7208195799999997  1.2907438600000001  9.5549236999999998 
    1   8.9652450800000008  2.5922987000000002 13.2047474200000003 
    1   7.5093066200000003  1.7515825500000000 10.8260128499999997 
    1   8.1717284400000008  2.1263311800000002 14.4924623599999993 
    8  11.1823674600000000  6.4618021299999997  4.1248348100000003 
    8   8.9851577299999992  5.1920619500000003  0.4664759100000000 
    1  11.9961149299999992  6.0173271000000002  3.7850143400000000 
    1   8.1696059099999996  5.6330827599999997  0.1259847600000000 
    1  11.2026590200000005  7.3894346600000000  3.7805157199999999 
    1   8.9563889600000000  4.2663742300000003  0.1204489000000000 
    8   8.9381541500000008  5.1624707200000000  3.2049440200000001 
    8  11.2244511100000004  6.4822951599999996  6.8675635399999999 
    1   8.9587687500000008  5.1799368299999999  2.2291707399999998 
    1  11.2062938200000008  6.4696102900000003  5.8879740800000002 
    1   9.7569725799999993  5.6351337700000004  3.5109767600000001 
    1  10.4093629900000000  6.0203493100000003  7.1712149099999998 
    8  11.1850804900000007  6.4688090400000000 11.4395767700000004 
    8   8.9750397599999996  5.1863105799999998  7.7811400400000004 
    1  11.9893904899999999  6.0260685499999997 11.1052492899999997 
    1   8.1661117599999997  5.6389157599999997  7.4355955600000003 
    1  11.2023541400000006  7.3839417999999997 11.1070148900000003 
    1   8.9556309299999999  4.2658267099999998  7.4406321200000001 
    8   8.9372687499999994  5.1621284400000000 10.5314410899999995 
    8  11.2215307699999993  6.4872185699999996 14.1876800599999999 
    1   8.9605312700000006  5.1802523500000000  9.5486491400000002 
    1  11.2029744000000004  6.4753300700000000 13.2058215600000004 
    1   9.7507156699999999  5.6333872100000004 10.8346590599999999 
    1  10.4061032299999994  6.0212019200000002 14.4824354399999997 
