 3  1  1 E -0.0E+0 DE 0.0E+0( 1) 
 8.96536240000000006E+00 0.00000000000000000E+00 0.00000000000000000E+00 
 4.47614728695973607E+00 7.76800028506544038E+00 0.00000000000000000E+00 
 0.00000000000000000E+00 0.00000000000000000E+00 1.46387584600000000E+01 
  1 
 1.00000000000000000E+00 0.00000000000000000E+00 0.00000000000000000E+00 
 0.00000000000000000E+00 1.00000000000000000E+00 0.00000000000000000E+00 
 0.00000000000000000E+00 0.00000000000000000E+00 1.00000000000000000E+00 
 0.00000000000000000E+00 0.00000000000000000E+00 0.00000000000000000E+00 
       96 
    8   4.4631079199999997  2.5816071599999999  4.1242818799999998 
    8   2.2607694700000001  1.3078782600000001  0.4611787400000000 
    1   5.2705635199999996  2.1337096999999998  3.7849189100000000 
    1   1.4468915700000000  1.7442818600000001  0.1258182800000000 
    1   4.4866675899999997  3.5030917900000000  3.7797380700000001 
    1   2.2392914300000002  0.3787493300000000  0.1218184300000000 
    8   2.2170361199999999  1.2844001700000001  3.2075381400000000 
    8   4.4983104699999998  2.6058876700000000  6.8708848199999997 
    1   2.2397209899999999  1.3001867800000000  2.2213118999999999 
    1   4.4774380499999999  2.5827740600000002  5.8912647099999997 
    1   3.0275746500000000  1.7554368600000001  3.5121616599999999 
    1   3.6865198399999999  2.1346276700000000  7.1672329200000000 
    8   4.4561275000000000  2.5765510100000002 11.4418123200000004 
    8   2.2633514699999999  1.3114895099999999  7.7775564599999996 
    1   5.2721353300000002  2.1310950000000002 11.1045823600000002 
    1   1.4499720800000000  1.7472607099999999  7.4412956000000001 
    1   4.4812653600000001  3.5015120799999999 11.1027637600000002 
    1   2.2371305499999998  0.3821398200000000  7.4459619100000003 
    8   2.2212506900000002  1.2850943500000001 10.5278500099999999 
    8   4.5012777699999997  2.5995328999999998 14.1864921299999995 
    1   2.2451600500000000  1.2960096800000001  9.5467841399999998 
    1   4.4804320799999999  2.5870417200000002 13.2077360499999994 
    1   3.0234816900000001  1.7529339200000000 10.8327993199999995 
    1   3.6836703800000001  2.1240188299999998 14.4866581199999995 
    8   6.6974648500000002  6.4594698399999997  4.1208782900000003 
    8   4.4989872499999999  5.1881937999999996  0.4630891600000000 
    1   7.5015210899999998  6.0206510800000004  3.7848867099999999 
    1   3.6849640500000000  5.6304148500000002  0.1278899200000000 
    1   6.7161196299999997  7.3863266999999997  3.7840077999999999 
    1   4.4711001100000001  4.2696791999999997  0.1229609600000000 
    8   4.4600460300000000  5.1596022499999998  3.2136376300000000 
    8   6.7343600400000003  6.4880593299999996  6.8668320800000000 
    1   4.4767454700000000  5.1788240400000003  2.2287794900000000 
    1   6.7192728300000004  6.4744217300000004  5.8883623600000004 
    1   5.2724047900000004  5.6367240199999999  3.5073219299999998 
    1   5.9298767000000003  6.0175579600000004  7.1690215400000001 
    8   6.7014998300000004  6.4627844100000003 11.4469781000000008 
    8   4.4972302300000004  5.1920505800000001  7.7832198000000004 
    1   7.5103788299999996  6.0195827000000000 11.1005187200000002 
    1   3.6827536900000002  5.6324024599999998  7.4418453199999997 
    1   6.7263073300000000  7.3910375200000002 11.1019175800000003 
    1   4.4719055499999998  4.2648162500000000  7.4369592200000003 
    8   4.4589894100000000  5.1683823100000001 10.5279062600000000 
    8   6.7416723200000002  6.4806554099999998 14.1898929799999998 
    1   4.4777707700000002  5.1827870599999999  9.5466797400000001 
    1   6.7121999600000004  6.4737907799999999 13.2124279599999994 
    1   5.2778669200000001  5.6376175899999996 10.8306273599999994 
    1   5.9263371899999999  6.0161608800000002 14.4941241400000003 
    8   8.9408541100000001  2.5740195799999999  4.1161731599999998 
    8   6.7460839500000001  1.3063517700000000  0.4574415800000000 
    1   9.7548836800000007  2.1292686299999999  3.7840675500000001 
    1   5.9365824299999996  1.7466947399999999  0.1194576400000000 
    1   8.9671469899999998  3.5023289599999998  3.7889451400000000 
    1   6.7159772899999997  0.3807355600000000  0.1176451300000000 
    8   6.7063680500000000  1.2758640500000000  3.2034626899999998 
    8   8.9797280900000001  2.5975001000000000  6.8709557099999996 
    1   6.7245844100000003  1.2910985399999999  2.2255975000000001 
    1   8.9628355899999992  2.5882476600000000  5.8856491999999996 
    1   7.5164809200000002  1.7474330000000000  3.5109458899999999 
    1   8.1753816300000004  2.1299869999999999  7.1723788300000004 
    8   8.9412172800000000  2.5775838200000001 11.4399302100000000 
    8   6.7449948600000003  1.3068473300000001  7.7832227400000003 
    1   9.7580735300000008  2.1368112699999999 11.1000736999999994 
    1   5.9308349900000001  1.7485149600000001  7.4429066300000004 
    1   8.9668649899999995  3.4959883299999999 11.1029433599999994 
    1   6.7261055499999998  0.3817643500000000  7.4438745199999996 
    8   6.7060997799999997  1.2835624400000001 10.5314959300000002 
    8   8.9785054700000000  2.6057322799999998 14.1889678299999993 
    1   6.7154952799999998  1.2952817400000001  9.5407930099999998 
    1   8.9670912499999993  2.5879272499999999 13.2083139500000009 
    1   7.5165127700000003  1.7530872399999999 10.8301942699999998 
    1   8.1665182699999992  2.1304804100000001 14.4890679700000007 
    8  11.1759974999999994  6.4672513499999997  4.1323590000000001 
    8   8.9842544199999992  5.1895000600000003  0.4630137000000000 
    1  11.9960148100000001  6.0260697199999997  3.7811438599999998 
    1   8.1683466100000004  5.6300571399999999  0.1220930000000000 
    1  11.2041944200000003  7.3871993199999997  3.7857261900000001 
    1   8.9556803499999997  4.2652621699999997  0.1226637200000000 
    8   8.9413198000000005  5.1710855699999998  3.2084949800000002 
    8  11.2156584899999991  6.4860790200000000  6.8679639899999998 
    1   8.9668484100000008  5.1770318700000004  2.2277725099999999 
    1  11.2018361100000003  6.4712699999999996  5.8855945199999997 
    1   9.7508260199999999  5.6321274099999998  3.5080709200000002 
    1  10.4086452800000000  6.0130688599999997  7.1702153700000002 
    8  11.1773271399999992  6.4689085700000000 11.4442725500000009 
    8   8.9795613299999992  5.1931767899999999  7.7820539200000001 
    1  11.9913350800000007  6.0205766900000004 11.1047633300000008 
    1   8.1685090400000000  5.6251555599999996  7.4428672200000001 
    1  11.2069980699999991  7.3849185899999998 11.1018367700000002 
    1   8.9529947199999995  4.2668813999999999  7.4421720599999999 
    8   8.9423654700000004  5.1647622699999998 10.5324428999999995 
    8  11.2227968300000001  6.4878952600000002 14.1862364900000006 
    1   8.9570316000000005  5.1758642600000000  9.5439656100000008 
    1  11.1972513800000009  6.4714115000000003 13.2074993999999997 
    1   9.7484325799999993  5.6339503700000000 10.8333917599999996 
    1  10.4099607800000005  6.0140789999999997 14.4922007900000001 
