 3  1  1 E -0.0E+0 DE 0.0E+0( 1) 
 8.96536240000000006E+00 0.00000000000000000E+00 0.00000000000000000E+00 
 4.47614728695973607E+00 7.76800028506544038E+00 0.00000000000000000E+00 
 0.00000000000000000E+00 0.00000000000000000E+00 1.46387584600000000E+01 
  1 
 1.00000000000000000E+00 0.00000000000000000E+00 0.00000000000000000E+00 
 0.00000000000000000E+00 1.00000000000000000E+00 0.00000000000000000E+00 
 0.00000000000000000E+00 0.00000000000000000E+00 1.00000000000000000E+00 
 0.00000000000000000E+00 0.00000000000000000E+00 0.00000000000000000E+00 
       96 
    8   4.4623827900000004  2.5783728400000001  4.1143873800000001 
    8   2.2538122199999999  1.3021239200000001  0.4665764500000000 
    1   5.2730217000000001  2.1375929500000002  3.7870832999999999 
    1   1.4535378400000001  1.7454146300000000  0.1254969900000000 
    1   4.4837494500000004  3.4995531799999999  3.7815120499999999 
    1   2.2396780700000001  0.3839230400000000  0.1253548600000000 
    8   2.2210311100000002  1.2898639500000000  3.2128956299999998 
    8   4.4973702099999997  2.5958733500000002  6.8633127800000002 
    1   2.2386523800000000  1.2943275599999999  2.2213500300000000 
    1   4.4857532000000004  2.5930388999999998  5.8872277200000003 
    1   3.0280136899999999  1.7492538700000000  3.5143475899999999 
    1   3.6891616900000002  2.1278695100000000  7.1624699900000000 
    8   4.4645410200000004  2.5822985200000002 11.4450863300000005 
    8   2.2614623500000000  1.3052004699999999  7.7847312200000003 
    1   5.2676971600000000  2.1381553300000000 11.1028319199999999 
    1   1.4428004600000000  1.7505435400000000  7.4474821599999999 
    1   4.4827730099999998  3.4959472900000002 11.0983525000000007 
    1   2.2345278500000001  0.3812774600000000  7.4426695900000004 
    8   2.2174068999999998  1.2862399000000000 10.5279595900000000 
    8   4.4967631399999997  2.6046149399999998 14.1873967899999993 
    1   2.2364729500000000  1.2957412900000000  9.5494312899999994 
    1   4.4812220399999996  2.5905866199999998 13.2029700400000003 
    1   3.0314166400000002  1.7498913300000001 10.8259388199999993 
    1   3.6843331500000001  2.1345632700000001 14.4880715400000000 
    8   6.6964740200000001  6.4658988300000004  4.1224480200000002 
    8   4.4957898500000004  5.1884003400000003  0.4703807700000000 
    1   7.5116671799999999  6.0243569299999997  3.7728238100000002 
    1   3.6875143800000001  5.6337487800000003  0.1245745600000000 
    1   6.7172270899999997  7.3870580300000004  3.7778896700000000 
    1   4.4735151599999998  4.2645395600000002  0.1237596400000000 
    8   4.4560768499999996  5.1674754600000004  3.2011363700000000 
    8   6.7360765100000002  6.4867713399999998  6.8684271800000003 
    1   4.4724225999999998  5.1806889299999996  2.2217461699999999 
    1   6.7207736999999996  6.4776124299999998  5.8828673000000000 
    1   5.2692969900000000  5.6386889299999998  3.5142462900000000 
    1   5.9286792300000002  6.0160368799999997  7.1694482300000004 
    8   6.7052875299999997  6.4576993500000004 11.4407213599999995 
    8   4.4953782999999996  5.1893319900000003  7.7825766400000003 
    1   7.5071192800000004  6.0210235900000004 11.1092607799999996 
    1   3.6882635200000000  5.6300656900000003  7.4461459400000001 
    1   6.7240087400000004  7.3800002999999998 11.1036747800000004 
    1   4.4773226499999996  4.2632248300000004  7.4450456000000003 
    8   4.4587948099999997  5.1739615299999997 10.5322855000000004 
    8   6.7382023200000001  6.4860256300000003 14.1844757099999992 
    1   4.4754505499999997  5.1820158000000003  9.5442581200000003 
    1   6.7201374500000002  6.4709042999999999 13.2058033199999993 
    1   5.2719577700000002  5.6385759699999998 10.8268102400000004 
    1   5.9275691500000001  6.0131737599999999 14.4918171600000001 
    8   8.9462259900000003  2.5822339400000001  4.1193188100000002 
    8   6.7410082500000001  1.2998740900000001  0.4615092800000000 
    1   9.7558358999999992  2.1382802000000001  3.7891667999999998 
    1   5.9321226899999999  1.7432595000000000  0.1281970200000000 
    1   8.9638155000000008  3.5064239499999998  3.7850961299999999 
    1   6.7173071200000001  0.3868858700000000  0.1248486100000000 
    8   6.7032675399999997  1.2855597100000000  3.2098597400000002 
    8   8.9833073500000005  2.5985291099999999  6.8674497900000002 
    1   6.7222540600000000  1.3002489100000001  2.2232787500000000 
    1   8.9656857399999996  2.5891652800000000  5.8867636000000001 
    1   7.5179595700000004  1.7529306700000000  3.5076503699999999 
    1   8.1755379500000007  2.1306049200000001  7.1717300799999997 
    8   8.9462417799999994  2.5754553100000002 11.4412354399999998 
    8   6.7427940199999998  1.3043993199999999  7.7774383199999999 
    1   9.7515832899999992  2.1380833199999998 11.1011939300000009 
    1   5.9352996600000001  1.7459327899999999  7.4449176899999996 
    1   8.9687811100000001  3.5011968300000000 11.1062211400000006 
    1   6.7191576399999997  0.3851928200000000  7.4420801499999998 
    8   6.7004405100000000  1.2815722599999999 10.5347635400000001 
    8   8.9824481100000000  2.6032862500000000 14.1925462899999992 
    1   6.7259344099999998  1.2928723200000001  9.5458740899999999 
    1   8.9672495100000003  2.5834026799999998 13.2068369800000003 
    1   7.5185488500000002  1.7541236499999999 10.8312112200000001 
    1   8.1731114900000001  2.1354456100000001 14.4918506899999997 
    8  11.1903337700000005  6.4626672999999997  4.1245722200000001 
    8   8.9823459600000000  5.1940151800000001  0.4664948800000000 
    1  11.9960933999999995  6.0245706900000000  3.7798482400000002 
    1   8.1698620300000009  5.6310654299999996  0.1150991600000000 
    1  11.2062124200000000  7.3902849599999998  3.7874431999999998 
    1   8.9623242199999993  4.2620244300000003  0.1267050500000000 
    8   8.9453734600000008  5.1712573700000002  3.2079172300000001 
    8  11.2222186500000003  6.4862558500000000  6.8753688400000001 
    1   8.9590474300000000  5.1825790400000002  2.2282291800000000 
    1  11.2015754100000002  6.4722260000000000  5.8862746699999997 
    1   9.7550358700000004  5.6391511500000000  3.5149764000000001 
    1  10.4073654100000006  6.0104337699999997  7.1692327799999997 
    8  11.1821552299999993  6.4617648900000004 11.4422240700000000 
    8   8.9817556799999991  5.1874073300000001  7.7851948899999996 
    1  11.9909976900000004  6.0188195599999998 11.1023185299999998 
    1   8.1683818099999996  5.6294423399999998  7.4367048599999999 
    1  11.2095661999999994  7.3869760099999997 11.1057177500000002 
    1   8.9578070299999997  4.2671550500000004  7.4417376800000001 
    8   8.9422717899999995  5.1653903000000003 10.5288720999999992 
    8  11.2271431100000001  6.4887758699999996 14.1939390999999997 
    1   8.9674312900000004  5.1789966999999999  9.5441213900000008 
    1  11.2018318400000005  6.4678167000000002 13.2034912200000001 
    1   9.7505111499999995  5.6397347900000003 10.8279314000000007 
    1  10.4101183699999993  6.0208351799999997 14.4873734600000006 
