 3  1  1 E -0.0E+0 DE 0.0E+0( 1) 
 8.96536240000000006E+00 0.00000000000000000E+00 0.00000000000000000E+00 
 4.47614728695973607E+00 7.76800028506544038E+00 0.00000000000000000E+00 
 0.00000000000000000E+00 0.00000000000000000E+00 1.46387584600000000E+01 
  1 
 1.00000000000000000E+00 0.00000000000000000E+00 0.00000000000000000E+00 
 0.00000000000000000E+00 1.00000000000000000E+00 0.00000000000000000E+00 
 0.00000000000000000E+00 0.00000000000000000E+00 1.00000000000000000E+00 
 0.00000000000000000E+00 0.00000000000000000E+00 0.00000000000000000E+00 
       96 
    8   4.4581398999999999  2.5772458100000000  4.1239322400000002 
    8   2.2641309100000000  1.3097618200000001  0.4671018500000000 
    1   5.2761591799999996  2.1360789200000001  3.7872907900000001 
    1   1.4468409700000000  1.7502017700000001  0.1227858500000000 
    1   4.4821418700000004  3.5050511599999998  3.7856496599999998 
    1   2.2338069400000000  0.3785147000000000  0.1264460700000000 
    8   2.2237253500000000  1.2841351599999999  3.2104036499999999 
    8   4.5003150600000001  2.5943867300000001  6.8665709000000001 
    1   2.2379240000000000  1.2981945200000000  2.2272069299999999 
    1   4.4786809099999996  2.5928303599999998  5.8848864900000004 
    1   3.0360175400000000  1.7521476100000000  3.5167133000000002 
    1   3.6929369799999998  2.1307426800000000  7.1668158899999996 
    8   4.4621898499999997  2.5787947899999999 11.4419453799999999 
    8   2.2583616700000002  1.2992094700000001  7.7854490099999998 
    1   5.2775930300000002  2.1385896400000002 11.1027132000000002 
    1   1.4502780200000001  1.7484312600000000  7.4483273299999997 
    1   4.4888604299999999  3.5035743300000002 11.1039450700000000 
    1   2.2448337800000000  0.3852282500000000  7.4372026699999996 
    8   2.2223640900000001  1.2881251600000001 10.5290012199999996 
    8   4.5002610000000001  2.5968800600000002 14.1896404300000007 
    1   2.2446641199999999  1.2963735500000000  9.5505811900000008 
    1   4.4763441500000001  2.5873524099999998 13.2054799599999999 
    1   3.0296406899999999  1.7495361500000000 10.8335199200000005 
    1   3.6879063400000001  2.1262544299999999 14.4949186999999995 
    8   6.6982045000000001  6.4687808000000002  4.1195441099999996 
    8   4.5029728799999997  5.1894206799999996  0.4549962900000000 
    1   7.5113022300000001  6.0237408700000001  3.7874705799999999 
    1   3.6811069999999999  5.6327919900000003  0.1238585800000000 
    1   6.7203863799999999  7.3882912599999999  3.7823770200000002 
    1   4.4781176900000004  4.2664260900000004  0.1266982000000000 
    8   4.4615112400000001  5.1681969399999996  3.2110243199999999 
    8   6.7395494700000000  6.4824395399999997  6.8747175499999997 
    1   4.4789206000000004  5.1685007799999996  2.2294599300000000 
    1   6.7239638900000003  6.4737602499999998  5.8859451900000002 
    1   5.2740067499999999  5.6342529700000004  3.5104336699999998 
    1   5.9257576600000004  6.0169120200000004  7.1690668200000003 
    8   6.6989415799999996  6.4632543499999997 11.4366792799999999 
    8   4.4950753600000004  5.1850699899999997  7.7755041800000004 
    1   7.5115360999999998  6.0207295099999998 11.0996553700000007 
    1   3.6842695200000000  5.6381168300000004  7.4452035199999997 
    1   6.7235479099999997  7.3880228199999998 11.1048079200000007 
    1   4.4717647899999999  4.2688223699999996  7.4476527700000004 
    8   4.4603560699999996  5.1604729999999996 10.5307888599999995 
    8   6.7451015999999999  6.4855824699999998 14.1907475499999993 
    1   4.4792962200000002  5.1802453200000000  9.5436250900000008 
    1   6.7152264800000001  6.4748717999999998 13.2057716000000003 
    1   5.2716653400000002  5.6384627600000004 10.8297007599999997 
    1   5.9248444700000000  6.0149233400000002 14.4921254299999998 
    8   8.9461094299999999  2.5822808799999999  4.1219631600000000 
    8   6.7507737800000003  1.3038753500000000  0.4621465100000000 
    1   9.7549057399999999  2.1349711999999998  3.7825509500000001 
    1   5.9316786700000002  1.7449142000000000  0.1223200300000000 
    1   8.9676373500000004  3.4983277799999999  3.7835951600000000 
    1   6.7198992300000002  0.3791067600000000  0.1210163300000000 
    8   6.7079936299999998  1.2852017300000000  3.2114996900000001 
    8   8.9872184300000004  2.5982199399999999  6.8684935500000002 
    1   6.7237269900000003  1.2995857600000000  2.2256355900000000 
    1   8.9663369399999997  2.5870469200000001  5.8873051700000003 
    1   7.5176289399999998  1.7599416100000000  3.5123555600000000 
    1   8.1637766999999997  2.1319178800000000  7.1645135499999997 
    8   8.9434637600000002  2.5785447300000000 11.4387594600000000 
    8   6.7392440899999997  1.3047305000000000  7.7840084400000000 
    1   9.7552081499999996  2.1346179200000002 11.1077821700000001 
    1   5.9303285600000004  1.7488994400000000  7.4441519400000002 
    1   8.9690688200000004  3.5006263000000000 11.1007394599999998 
    1   6.7154486799999997  0.3864660000000000  7.4473985899999997 
    8   6.7025224000000003  1.2898908600000001 10.5337968699999998 
    8   8.9810769399999995  2.6026308800000000 14.1935464200000006 
    1   6.7248119099999997  1.2959540199999999  9.5466022000000006 
    1   8.9651976199999996  2.5814733099999998 13.2048399399999994 
    1   7.5173311700000003  1.7510967600000000 10.8264365300000005 
    1   8.1688987799999992  2.1317593399999999 14.4862157299999996 
    8  11.1832505900000001  6.4613815099999998  4.1207129499999997 
    8   8.9819188899999993  5.1898752400000001  0.4639965800000000 
    1  11.9913425999999994  6.0199742100000000  3.7827946799999999 
    1   8.1579881699999994  5.6307361699999996  0.1239159000000000 
    1  11.2016460099999993  7.3898663200000003  3.7870691800000000 
    1   8.9585562000000003  4.2640056000000000  0.1275174300000000 
    8   8.9458620199999999  5.1658564499999997  3.2082190100000001 
    8  11.2139242400000008  6.4868075799999998  6.8706523500000003 
    1   8.9613261800000004  5.1850872800000003  2.2254992499999999 
    1  11.2066444300000008  6.4781615300000004  5.8846652600000002 
    1   9.7528130799999992  5.6346276800000004  3.5164521000000000 
    1  10.4097689300000003  6.0149014899999997  7.1694385599999997 
    8  11.1817650200000003  6.4630747299999998 11.4390467200000003 
    8   8.9815801299999993  5.1905761699999999  7.7748710799999996 
    1  11.9938625999999999  6.0148365600000000 11.1018870100000004 
    1   8.1684118500000000  5.6325394400000004  7.4430290399999999 
    1  11.2065838800000002  7.3921662899999996 11.1025518299999995 
    1   8.9551266700000003  4.2649306200000003  7.4409940099999998 
    8   8.9429771299999992  5.1690391000000000 10.5259940099999998 
    8  11.2198115800000000  6.4842786700000001 14.1895026600000005 
    1   8.9609352999999992  5.1758152500000003  9.5419379899999992 
    1  11.2009659100000007  6.4714917700000001 13.2046377800000005 
    1   9.7500393400000007  5.6346446700000001 10.8306152699999991 
    1  10.4145244800000008  6.0153173999999998 14.4876713699999993 
