 3  1  1 E -0.0E+0 DE 0.0E+0( 1) 
 8.96536240000000006E+00 0.00000000000000000E+00 0.00000000000000000E+00 
 4.47614728695973607E+00 7.76800028506544038E+00 0.00000000000000000E+00 
 0.00000000000000000E+00 0.00000000000000000E+00 1.46387584600000000E+01 
  1 
 1.00000000000000000E+00 0.00000000000000000E+00 0.00000000000000000E+00 
 0.00000000000000000E+00 1.00000000000000000E+00 0.00000000000000000E+00 
 0.00000000000000000E+00 0.00000000000000000E+00 1.00000000000000000E+00 
 0.00000000000000000E+00 0.00000000000000000E+00 0.00000000000000000E+00 
       96 
    8   4.4624526800000002  2.5802546000000000  4.1197546500000000 
    8   2.2639761400000000  1.3011370700000000  0.4601870700000000 
    1   5.2738599700000002  2.1396221500000001  3.7885157399999998 
    1   1.4496585300000000  1.7469862899999999  0.1205968500000000 
    1   4.4814518999999997  3.5063204600000000  3.7902011299999998 
    1   2.2341623899999998  0.3833195300000000  0.1172013500000000 
    8   2.2198239200000001  1.2822691700000000  3.2110517900000000 
    8   4.4980106500000003  2.5956382599999999  6.8685677099999998 
    1   2.2404402200000000  1.2929931400000001  2.2262515700000001 
    1   4.4838419500000004  2.5927707500000001  5.8850008100000002 
    1   3.0329156400000001  1.7551963799999999  3.5079553099999998 
    1   3.6959116600000002  2.1235410699999999  7.1662643700000004 
    8   4.4570129500000002  2.5791633100000002 11.4412242499999994 
    8   2.2607891900000001  1.3065811100000000  7.7800782999999996 
    1   5.2743884400000001  2.1375888600000001 11.1011020899999995 
    1   1.4480127599999999  1.7439078500000000  7.4475422099999999 
    1   4.4867414800000001  3.5039584700000002 11.1016051000000004 
    1   2.2369652599999998  0.3808938900000000  7.4435018900000003 
    8   2.2159811700000001  1.2833592700000001 10.5285560300000007 
    8   4.5000245200000002  2.6037062899999999 14.1882555099999994 
    1   2.2404502100000001  1.2910566600000000  9.5487374200000001 
    1   4.4815177600000000  2.5879214300000002 13.2080928600000007 
    1   3.0307076400000001  1.7482855799999999 10.8210646900000000 
    1   3.6864876500000001  2.1288148200000001 14.4882685400000000 
    8   6.6913467899999999  6.4625558500000002  4.1201091700000001 
    8   4.4937376300000000  5.1896037799999997  0.4585815000000000 
    1   7.5106042200000003  6.0227810300000000  3.7819849799999998 
    1   3.6847666600000002  5.6327490500000001  0.1214092900000000 
    1   6.7200286699999996  7.3898350300000004  3.7849288099999998 
    1   4.4748381899999998  4.2707059400000000  0.1281863900000000 
    8   4.4580741699999997  5.1675315499999996  3.2115239199999999 
    8   6.7402982299999996  6.4868535700000001  6.8668908499999999 
    1   4.4799983900000004  5.1785017000000000  2.2302488399999998 
    1   6.7210865899999996  6.4689226700000004  5.8869428700000004 
    1   5.2711279199999996  5.6330857200000004  3.5076979599999998 
    1   5.9273252899999997  6.0159888900000000  7.1713850499999996 
    8   6.7023668699999996  6.4601403299999998 11.4450618800000008 
    8   4.5001701000000001  5.1952462099999996  7.7767583100000000 
    1   7.5116202999999997  6.0223947899999999 11.1046727900000004 
    1   3.6838730200000001  5.6267160699999996  7.4439923300000004 
    1   6.7242958799999997  7.3861727200000002 11.1011127700000003 
    1   4.4773557700000000  4.2635201699999996  7.4438370100000002 
    8   4.4630726899999997  5.1686406600000003 10.5317548900000002 
    8   6.7348310099999997  6.4837729099999999 14.1929923700000007 
    1   4.4738831299999999  5.1844282200000000  9.5488473799999998 
    1   6.7139755200000000  6.4708363100000001 13.2045001400000004 
    1   5.2681767300000004  5.6381143700000003 10.8269749399999995 
    1   5.9328472799999998  6.0147303399999998 14.4895557600000000 
    8   8.9410276199999998  2.5723823000000001  4.1228999999999996 
    8   6.7412922300000000  1.3028281700000000  0.4636866400000000 
    1   9.7600036200000009  2.1317301600000000  3.7836734200000000 
    1   5.9262248499999997  1.7451017000000000  0.1288315700000000 
    1   8.9643312500000008  3.5006676500000000  3.7834309400000001 
    1   6.7236776899999997  0.3858817400000000  0.1201335800000000 
    8   6.7051750200000004  1.2860709699999999  3.2097569199999998 
    8   8.9852165199999998  2.5946400700000001  6.8734577500000000 
    1   6.7233198400000003  1.2947909600000000  2.2305240099999999 
    1   8.9667655400000008  2.5875009800000002  5.8878047400000000 
    1   7.5139415800000000  1.7522185600000000  3.5103771300000002 
    1   8.1743588999999997  2.1258629700000000  7.1690713700000002 
    8   8.9427426099999998  2.5772139300000001 11.4496099200000003 
    8   6.7444844000000002  1.3075743700000000  7.7802224000000004 
    1   9.7486664800000007  2.1380743899999999 11.1054580699999992 
    1   5.9310497000000000  1.7514359700000000  7.4435565900000000 
    1   8.9716156799999993  3.5059651700000001 11.1053261400000007 
    1   6.7157080699999998  0.3814860300000000  7.4463827000000000 
    8   6.7060752900000002  1.2836327800000000 10.5268880300000003 
    8   8.9822865299999997  2.6014898199999998 14.1880002500000000 
    1   6.7242347300000000  1.2957277000000000  9.5470998999999992 
    1   8.9587449600000006  2.5920172600000000 13.2052130000000005 
    1   7.5135074700000004  1.7595249399999999 10.8298293700000006 
    1   8.1651615500000005  2.1282914900000001 14.4903235000000006 
    8  11.1840154500000004  6.4679056499999996  4.1226000400000000 
    8   8.9783181699999997  5.1887530300000000  0.4616554900000000 
    1  11.9950679299999994  6.0244502200000003  3.7817445099999998 
    1   8.1689320799999994  5.6293027400000000  0.1273331900000000 
    1  11.1999903500000002  7.3814239199999996  3.7861950700000002 
    1   8.9566237100000006  4.2640693000000001  0.1260498800000000 
    8   8.9472746500000007  5.1649286999999999  3.2112956700000002 
    8  11.2181818999999994  6.4857185499999996  6.8724668500000003 
    1   8.9560937900000006  5.1779371400000000  2.2284619600000002 
    1  11.1953584500000005  6.4753596399999998  5.8856027299999996 
    1   9.7496335700000003  5.6320216600000004  3.5091529499999998 
    1  10.4087944199999995  6.0152774700000000  7.1746367700000002 
    8  11.1879809500000000  6.4634322099999997 11.4426089900000001 
    8   8.9785132399999998  5.1879403499999999  7.7817831999999996 
    1  11.9966391199999993  6.0204582599999998 11.1063341700000002 
    1   8.1713158400000001  5.6239085700000002  7.4389425200000003 
    1  11.2007410000000007  7.3893788799999998 11.1107820700000008 
    1   8.9582462700000001  4.2659183799999996  7.4407880899999999 
    8   8.9385595799999997  5.1675715499999999 10.5322131199999998 
    8  11.2225754200000001  6.4821861199999997 14.1881073499999992 
    1   8.9572663899999991  5.1819331399999999  9.5481882700000007 
    1  11.2015178700000000  6.4747717600000003 13.2080303499999996 
    1   9.7527201100000003  5.6347216700000002 10.8243969000000000 
    1  10.4092255700000003  6.0119281500000001 14.4838547999999996 
