 3  1  1 E -0.0E+0 DE 0.0E+0( 1) 
 8.96536240000000006E+00 0.00000000000000000E+00 0.00000000000000000E+00 
 4.47614728695973607E+00 7.76800028506544038E+00 0.00000000000000000E+00 
 0.00000000000000000E+00 0.00000000000000000E+00 1.46387584600000000E+01 
  1 
 1.00000000000000000E+00 0.00000000000000000E+00 0.00000000000000000E+00 
 0.00000000000000000E+00 1.00000000000000000E+00 0.00000000000000000E+00 
 0.00000000000000000E+00 0.00000000000000000E+00 1.00000000000000000E+00 
 0.00000000000000000E+00 0.00000000000000000E+00 0.00000000000000000E+00 
       96 
    8   4.4624400099999999  2.5796848799999998  4.1221447099999997 
    8   2.2576808800000001  1.3058884300000000  0.4616227100000000 
    1   5.2726880600000001  2.1370553700000001  3.7848566899999998 
    1   1.4475594400000000  1.7478399700000000  0.1256310000000000 
    1   4.4841405200000004  3.5048804800000002  3.7841839099999999 
    1   2.2350943100000000  0.3824746800000000  0.1243099500000000 
    8   2.2221816500000000  1.2841517000000000  3.2096713200000000 
    8   4.4986386500000002  2.6003126100000000  6.8686488700000004 
    1   2.2394055599999998  1.2951018400000001  2.2278364200000000 
    1   4.4811634299999996  2.5882909999999999  5.8863007300000003 
    1   3.0334181999999998  1.7517453100000000  3.5102150600000002 
    1   3.6885479600000002  2.1308601500000002  7.1706869700000002 
    8   4.4616561800000003  2.5789309399999998 11.4404554199999993 
    8   2.2585402499999998  1.3062111199999999  7.7812804699999996 
    1   5.2749436400000000  2.1360693700000000 11.1032223200000004 
    1   1.4484707600000000  1.7461127700000001  7.4415472100000004 
    1   4.4823741100000003  3.5035413900000001 11.1024457800000000 
    1   2.2394132700000000  0.3811570900000000  7.4434925700000001 
    8   2.2224340100000002  1.2854846099999999 10.5312505099999996 
    8   4.5010713100000004  2.6015456900000000 14.1894711499999993 
    1   2.2407644499999999  1.2939620800000000  9.5447275499999993 
    1   4.4807653800000002  2.5893166900000000 13.2047821299999999 
    1   3.0329179599999998  1.7533103999999999 10.8298167099999993 
    1   3.6900108100000000  2.1305033600000001 14.4892242600000003 
    8   6.6991339500000002  6.4606450100000004  4.1218810000000001 
    8   4.4969296099999996  5.1910023299999999  0.4629048800000000 
    1   7.5102661299999998  6.0223232400000004  3.7848394399999998 
    1   3.6861939100000001  5.6313047899999997  0.1229693500000000 
    1   6.7216012100000002  7.3873676899999996  3.7855029899999999 
    1   4.4764719599999996  4.2652326299999999  0.1228091700000000 
    8   4.4591064300000003  5.1657102200000002  3.2101329500000002 
    8   6.7377889900000003  6.4840557299999997  6.8679046899999996 
    1   4.4785733299999997  5.1779807000000000  2.2249965999999999 
    1   6.7159701399999996  6.4734595099999996  5.8876283799999998 
    1   5.2719564700000001  5.6358981400000001  3.5097468599999999 
    1   5.9270756899999997  6.0146468000000004  7.1703404800000001 
    8   6.7006168600000002  6.4637384800000000 11.4412427599999997 
    8   4.4968476800000001  5.1886108999999996  7.7808264200000004 
    1   7.5110638400000003  6.0208365199999996 11.1039112200000005 
    1   3.6848086300000000  5.6330239600000001  7.4430368900000001 
    1   6.7219520499999996  7.3855317300000003 11.1005733899999992 
    1   4.4758127600000002  4.2664583299999999  7.4430266899999999 
    8   4.4590325300000000  5.1679946000000001 10.5276264600000005 
    8   6.7374075400000004  6.4853160399999998 14.1876243399999993 
    1   4.4783532900000003  5.1771568200000004  9.5460121800000000 
    1   6.7188067599999997  6.4718718900000001 13.2064000999999998 
    1   5.2695606200000000  5.6355449899999996 10.8299288800000006 
    1   5.9277555599999996  6.0146293699999998 14.4894795999999992 
    8   8.9448871499999996  2.5792045099999998  4.1221401300000000 
    8   6.7412918800000003  1.3046611500000000  0.4623602100000000 
    1   9.7548257399999994  2.1335476600000001  3.7840549600000002 
    1   5.9311233000000003  1.7451681999999999  0.1229190600000000 
    1   8.9672001199999993  3.5043362999999998  3.7836392000000001 
    1   6.7188082700000002  0.3815384400000000  0.1253036600000000 
    8   6.7029271300000000  1.2826793200000000  3.2093270399999998 
    8   8.9815908199999992  2.6006442999999999  6.8711240699999996 
    1   6.7229903699999998  1.2942609100000000  2.2258746999999999 
    1   8.9618867699999996  2.5903699900000001  5.8857782900000002 
    1   7.5147222899999999  1.7555482000000000  3.5106478299999999 
    1   8.1704626800000000  2.1312186899999999  7.1711871399999998 
    8   8.9445715999999997  2.5770731300000000 11.4422621400000004 
    8   6.7409907699999998  1.3073620399999999  7.7827333500000000 
    1   9.7554505500000008  2.1377500299999999 11.1030654900000005 
    1   5.9310721400000004  1.7480158699999999  7.4424616600000002 
    1   8.9659374199999995  3.5033087599999999 11.1026628600000006 
    1   6.7191326299999998  0.3807662200000000  7.4437316200000003 
    8   6.7056356199999998  1.2824109800000001 10.5292132299999999 
    8   8.9839563699999996  2.6004419900000002 14.1893309999999992 
    1   6.7216048900000001  1.2949415700000000  9.5453586000000001 
    1   8.9644356900000002  2.5906742700000001 13.2078249200000002 
    1   7.5154823999999998  1.7526808899999999 10.8299226900000001 
    1   8.1708613099999994  2.1319835299999998 14.4891225200000004 
    8  11.1827004399999996  6.4638291499999996  4.1209571399999998 
    8   8.9808724299999998  5.1908060000000003  0.4621560000000000 
    1  11.9918496599999997  6.0198613300000003  3.7849154000000000 
    1   8.1682701400000006  5.6305319699999998  0.1234240100000000 
    1  11.2054952300000004  7.3868256800000003  3.7833794699999999 
    1   8.9572430900000004  4.2653297300000004  0.1230063800000000 
    8   8.9432621200000000  5.1671563400000000  3.2110269400000000 
    8  11.2221391100000005  6.4855200799999997  6.8690677800000000 
    1   8.9611446600000004  5.1784892100000004  2.2252628099999998 
    1  11.2018479600000003  6.4723079800000001  5.8870438099999998 
    1   9.7525117899999998  5.6365563999999999  3.5106323599999998 
    1  10.4090292099999999  6.0162318800000003  7.1695637899999998 
    8  11.1834032699999995  6.4611655700000004 11.4414692900000006 
    8   8.9816714799999993  5.1884885499999998  7.7809755500000000 
    1  11.9944854299999992  6.0206487299999996 11.1033482600000006 
    1   8.1687822000000008  5.6321659999999998  7.4444177199999997 
    1  11.2050644300000002  7.3860376900000002 11.1036702100000007 
    1   8.9595097999999993  4.2655888500000003  7.4423334900000002 
    8   8.9427538200000001  5.1673582800000002 10.5270163399999994 
    8  11.2214652099999999  6.4839864399999998 14.1887880899999992 
    1   8.9610729100000004  5.1787039100000003  9.5462551999999992 
    1  11.2010881100000006  6.4740001300000003 13.2049758100000005 
    1   9.7537152200000001  5.6369706099999997 10.8287928699999991 
    1  10.4103741000000003  6.0151092300000002 14.4902259800000000 
