 3  1  1 E -0.0E+0 DE 0.0E+0( 1) 
 8.96536240000000006E+00 0.00000000000000000E+00 0.00000000000000000E+00 
 4.47614728695973607E+00 7.76800028506544038E+00 0.00000000000000000E+00 
 0.00000000000000000E+00 0.00000000000000000E+00 1.46387584600000000E+01 
  1 
 1.00000000000000000E+00 0.00000000000000000E+00 0.00000000000000000E+00 
 0.00000000000000000E+00 1.00000000000000000E+00 0.00000000000000000E+00 
 0.00000000000000000E+00 0.00000000000000000E+00 1.00000000000000000E+00 
 0.00000000000000000E+00 0.00000000000000000E+00 0.00000000000000000E+00 
       96 
    8   4.4567538999999998  2.5791737000000001  4.1185355399999999 
    8   2.2610297099999999  1.3030091100000001  0.4612967400000000 
    1   5.2749915500000002  2.1381245600000001  3.7784230000000001 
    1   1.4466335600000000  1.7535775600000001  0.1210058300000000 
    1   4.4763840100000003  3.5087901700000002  3.7833324199999998 
    1   2.2385215500000002  0.3821310400000000  0.1233822800000000 
    8   2.2195092000000001  1.2807848200000000  3.2066181399999998 
    8   4.4975399800000000  2.6036976599999999  6.8644458600000000 
    1   2.2335439899999998  1.2927181400000001  2.2257617500000002 
    1   4.4811083900000002  2.5905270300000001  5.8880543000000003 
    1   3.0336051799999999  1.7532258300000001  3.5109339400000001 
    1   3.6877528800000001  2.1321660699999998  7.1693875499999997 
    8   4.4659776999999998  2.5787816700000001 11.4364681600000004 
    8   2.2630303999999999  1.3042690100000001  7.7838143899999999 
    1   5.2726063900000000  2.1341220299999999 11.1035103999999993 
    1   1.4426642700000001  1.7428717899999999  7.4434107000000003 
    1   4.4796849400000003  3.5031643200000002 11.1045494900000001 
    1   2.2320305199999999  0.3847127600000000  7.4476386500000000 
    8   2.2222872599999999  1.2803300700000000 10.5261143399999995 
    8   4.4994240300000001  2.6016629199999999 14.1931502399999996 
    1   2.2395080100000002  1.2915664400000000  9.5501033199999998 
    1   4.4832928900000004  2.5891425099999998 13.2053010000000004 
    1   3.0310082199999999  1.7540747900000000 10.8321041800000000 
    1   3.6902141400000001  2.1322608800000000 14.4908166400000002 
    8   6.7030266000000003  6.4637162699999999  4.1214149800000000 
    8   4.4992588500000004  5.1901325700000003  0.4619667100000000 
    1   7.5095510100000000  6.0209369900000000  3.7800513300000000 
    1   3.6802563099999999  5.6275959300000000  0.1212525900000000 
    1   6.7196185300000000  7.3960464600000000  3.7879403699999998 
    1   4.4690746299999997  4.2680153000000001  0.1149634400000000 
    8   4.4609957199999997  5.1697534699999999  3.2042152700000002 
    8   6.7434706200000001  6.4823605300000002  6.8702686300000000 
    1   4.4777840600000003  5.1834615199999998  2.2244457199999998 
    1   6.7155440500000001  6.4778724800000003  5.8880049899999998 
    1   5.2730087000000001  5.6346855199999997  3.5095827900000001 
    1   5.9226653300000001  6.0173660900000003  7.1731604899999999 
    8   6.6972270700000003  6.4619425399999999 11.4385385199999998 
    8   4.4966228399999997  5.1933244900000002  7.7741678399999996 
    1   7.5086874899999998  6.0180332600000002 11.1042757400000003 
    1   3.6841312199999998  5.6307811399999999  7.4460487000000004 
    1   6.7177905100000004  7.3838926499999999 11.0949390700000006 
    1   4.4721567999999996  4.2658727499999998  7.4488023700000001 
    8   4.4571979400000004  5.1596713699999999 10.5266545499999999 
    8   6.7255851699999996  6.4817436900000001 14.1878279500000009 
    1   4.4825257499999998  5.1804115900000003  9.5520354600000008 
    1   6.7190331700000003  6.4729166800000000 13.2080666200000003 
    1   5.2727425400000003  5.6370364300000002 10.8281791100000007 
    1   5.9198388199999998  6.0144177499999998 14.4865895600000005 
    8   8.9438511999999992  2.5770745200000000  4.1244364899999999 
    8   6.7380525400000000  1.3071366400000000  0.4616377100000000 
    1   9.7497069300000003  2.1326914200000000  3.7882421399999999 
    1   5.9341408299999996  1.7476624700000001  0.1254652700000000 
    1   8.9632152299999994  3.5034693200000002  3.7831298400000000 
    1   6.7262863700000004  0.3843214900000000  0.1231564400000000 
    8   6.7008000499999998  1.2817454600000000  3.2128966200000000 
    8   8.9794956700000004  2.5942388799999998  6.8748349299999996 
    1   6.7191085299999997  1.2979185600000001  2.2329401400000002 
    1   8.9583682099999997  2.5842179600000001  5.8848970200000004 
    1   7.5120013700000001  1.7563749099999999  3.5041829199999999 
    1   8.1670596999999994  2.1320663700000000  7.1701320099999997 
    8   8.9470065400000003  2.5797776899999998 11.4458637599999999 
    8   6.7383199999999999  1.3075939100000000  7.7845971499999997 
    1   9.7581087600000007  2.1406282499999998 11.0998131499999992 
    1   5.9316959799999998  1.7509553499999999  7.4440141899999999 
    1   8.9695699999999992  3.5030833800000001 11.1082853499999992 
    1   6.7194422899999999  0.3805242900000000  7.4433556599999999 
    8   6.7000843899999998  1.2783392400000000 10.5344457600000005 
    8   8.9884860599999996  2.6010250199999998 14.1900571200000005 
    1   6.7246785500000001  1.2946146300000001  9.5460283900000000 
    1   8.9594671600000009  2.5857709899999999 13.2063695800000005 
    1   7.5161004699999996  1.7505473100000000 10.8300817299999999 
    1   8.1784643100000007  2.1364547900000002 14.4857552700000003 
    8  11.1798871299999991  6.4630840400000000  4.1242411299999997 
    8   8.9830208599999999  5.1917190800000004  0.4633986400000000 
    1  12.0010286599999993  6.0195365799999996  3.7811149199999998 
    1   8.1654083199999992  5.6343911499999999  0.1273430300000000 
    1  11.2049103999999993  7.3873473699999996  3.7840991499999999 
    1   8.9599278299999998  4.2690351199999998  0.1223181500000000 
    8   8.9484932300000004  5.1632788400000003  3.2095105099999999 
    8  11.2176293999999999  6.4837711599999999  6.8728174400000004 
    1   8.9592637199999992  5.1804464799999996  2.2285098400000001 
    1  11.1982746700000000  6.4694688999999999  5.8871271399999996 
    1   9.7513617799999999  5.6350409199999998  3.5151435000000002 
    1  10.4091988799999999  6.0166994100000002  7.1733491899999997 
    8  11.1817106400000004  6.4591590099999996 11.4508371600000007 
    8   8.9795576700000002  5.1899578499999999  7.7835287400000004 
    1  11.9983977300000006  6.0240981099999997 11.1018315399999992 
    1   8.1726113599999994  5.6292016699999996  7.4459214500000002 
    1  11.2050280499999992  7.3880003900000002 11.1018671900000001 
    1   8.9545928499999992  4.2700049399999997  7.4493344300000004 
    8   8.9438382399999998  5.1723873300000003 10.5265207899999993 
    8  11.2191064500000000  6.4844629100000004 14.1865653700000003 
    1   8.9633026900000008  5.1786612300000003  9.5461615999999996 
    1  11.2054748800000006  6.4788638000000001 13.2088174100000000 
    1   9.7558508400000008  5.6390270600000001 10.8320646699999994 
    1  10.4094535300000004  6.0143103699999996 14.4851266299999999 
