 3  1  1 E -0.0E+0 DE 0.0E+0( 1) 
 8.96536240000000006E+00 0.00000000000000000E+00 0.00000000000000000E+00 
 4.47614728695973607E+00 7.76800028506544038E+00 0.00000000000000000E+00 
 0.00000000000000000E+00 0.00000000000000000E+00 1.46387584600000000E+01 
  1 
 1.00000000000000000E+00 0.00000000000000000E+00 0.00000000000000000E+00 
 0.00000000000000000E+00 1.00000000000000000E+00 0.00000000000000000E+00 
 0.00000000000000000E+00 0.00000000000000000E+00 1.00000000000000000E+00 
 0.00000000000000000E+00 0.00000000000000000E+00 0.00000000000000000E+00 
       96 
    8   4.4607986000000004  2.5784059199999998  4.1222247699999999 
    8   2.2550508499999999  1.3039816500000001  0.4608546500000000 
    1   5.2725767799999996  2.1397829300000000  3.7865524399999999 
    1   1.4532849900000000  1.7480546800000001  0.1185811100000000 
    1   4.4789337700000003  3.5051517799999998  3.7870716400000002 
    1   2.2333130699999999  0.3829096900000000  0.1214114400000000 
    8   2.2230074399999999  1.2874241200000001  3.2092528100000002 
    8   4.5005214999999996  2.5992468000000000  6.8663365000000001 
    1   2.2404393400000000  1.2911926100000000  2.2245021899999999 
    1   4.4786798000000001  2.5899992200000002  5.8789502000000002 
    1   3.0337845500000000  1.7540010200000000  3.5082618499999998 
    1   3.6889988699999998  2.1328157499999998  7.1765448599999999 
    8   4.4639857100000002  2.5804618000000001 11.4412967200000004 
    8   2.2605146899999999  1.3083428100000001  7.7792522100000001 
    1   5.2735416099999997  2.1365094700000000 11.0999061300000008 
    1   1.4493285300000001  1.7437370699999999  7.4435045899999999 
    1   4.4815270600000003  3.5039949600000000 11.1061216300000005 
    1   2.2390067500000002  0.3804223500000000  7.4464822399999999 
    8   2.2202777800000000  1.2821740300000000 10.5277699200000008 
    8   4.4996202399999996  2.6000379800000002 14.1900484299999992 
    1   2.2429068200000000  1.2920241900000000  9.5487869799999991 
    1   4.4781449899999997  2.5853721099999998 13.2035556900000000 
    1   3.0366248400000000  1.7519819800000000 10.8253815600000003 
    1   3.6855746300000001  2.1299243899999998 14.4924545100000000 
    8   6.6964368399999996  6.4580735300000001  4.1218407099999999 
    8   4.4978313099999996  5.1885526600000000  0.4683091800000000 
    1   7.5125209200000000  6.0152495300000002  3.7808955800000001 
    1   3.6847307300000001  5.6320503100000003  0.1171769000000000 
    1   6.7280264799999996  7.3902932899999998  3.7868960199999999 
    1   4.4757020799999996  4.2612583500000003  0.1252635400000000 
    8   4.4642054499999997  5.1637704600000003  3.2091235700000000 
    8   6.7367489000000003  6.4813914700000002  6.8648732399999997 
    1   4.4783366899999999  5.1872396399999996  2.2270119899999998 
    1   6.7164881000000003  6.4732778800000004  5.8840767700000001 
    1   5.2698479300000001  5.6373209199999996  3.5135915199999999 
    1   5.9218480800000002  6.0152574300000001  7.1670133500000004 
    8   6.7071947900000000  6.4608837699999997 11.4458281700000004 
    8   4.4962321699999999  5.1939615400000001  7.7794561000000000 
    1   7.5167030400000003  6.0211559200000000 11.1040070400000008 
    1   3.6836306799999998  5.6307497700000004  7.4407757099999996 
    1   6.7231500700000000  7.3873595099999996 11.1016630299999992 
    1   4.4776933400000001  4.2658524099999999  7.4447057000000001 
    8   4.4691870800000002  5.1687800099999999 10.5219526499999994 
    8   6.7374272700000004  6.4799163300000000 14.1891904899999997 
    1   4.4778864699999996  5.1748263699999999  9.5454811300000006 
    1   6.7193377200000004  6.4740555000000004 13.2032839400000004 
    1   5.2721654200000003  5.6406231900000003 10.8305637699999995 
    1   5.9260798399999999  6.0156197000000002 14.4878797699999993 
    8   8.9445865700000002  2.5791949399999998  4.1237839400000000 
    8   6.7416115100000003  1.3052989699999999  0.4613149400000000 
    1   9.7534151199999997  2.1408700899999999  3.7840731999999999 
    1   5.9317983099999996  1.7425891300000000  0.1277795300000000 
    1   8.9687034000000008  3.4998517499999999  3.7855984700000000 
    1   6.7231452400000000  0.3784335700000000  0.1244801800000000 
    8   6.7043826199999996  1.2844550600000000  3.2063854699999998 
    8   8.9833019600000004  2.5980454300000000  6.8709011599999998 
    1   6.7224952199999999  1.2958426100000000  2.2287542800000000 
    1   8.9605184799999993  2.5941054499999998  5.8878395599999998 
    1   7.5133301799999996  1.7487009899999999  3.5104229400000002 
    1   8.1734908500000003  2.1305251400000000  7.1677840699999997 
    8   8.9493689799999991  2.5793224900000000 11.4372743999999997 
    8   6.7355309900000000  1.3001692600000001  7.7807865800000000 
    1   9.7522271699999994  2.1355533800000002 11.1022253000000006 
    1   5.9358179000000000  1.7487820800000000  7.4413121400000000 
    1   8.9659512299999999  3.5021979999999999 11.1042207600000005 
    1   6.7180897300000000  0.3888210800000000  7.4406677600000002 
    8   6.6996233900000002  1.2778616100000000 10.5285800100000007 
    8   8.9799332599999993  2.5980546599999998 14.1885242399999996 
    1   6.7176428300000000  1.2995379899999999  9.5431180100000006 
    1   8.9667549700000002  2.5895688300000002 13.2031972000000000 
    1   7.5146847399999999  1.7566859800000001 10.8340241600000002 
    1   8.1713096699999994  2.1311882199999999 14.4887935999999993 
    8  11.1799997799999993  6.4678910099999998  4.1272919999999997 
    8   8.9797906300000001  5.1887736699999998  0.4655696900000000 
    1  11.9996946999999992  6.0183939500000001  3.7833036299999998 
    1   8.1724374999999991  5.6321699900000004  0.1250972700000000 
    1  11.2055462899999991  7.3860727800000001  3.7890969900000000 
    1   8.9557713099999994  4.2647115600000003  0.1223230400000000 
    8   8.9407381499999996  5.1655078600000000  3.2130769699999999 
    8  11.2221641900000009  6.4812656600000000  6.8701075500000002 
    1   8.9600943799999992  5.1787623199999997  2.2246482300000001 
    1  11.1983480499999999  6.4676698999999997  5.8894066799999996 
    1   9.7551433400000001  5.6361647000000001  3.5133684900000000 
    1  10.4122774499999995  6.0119486400000000  7.1661089999999996 
    8  11.1847769100000001  6.4641019699999998 11.4415525700000007 
    8   8.9775587500000000  5.1874019200000001  7.7800989100000004 
    1  11.9986593700000004  6.0193006000000002 11.0991032500000006 
    1   8.1705818899999993  5.6310750900000004  7.4433802699999996 
    1  11.2037207900000002  7.3875375300000004 11.1039814600000000 
    1   8.9557002499999996  4.2683381400000000  7.4477578500000003 
    8   8.9375222599999997  5.1695477600000004 10.5296430300000008 
    8  11.2174821199999997  6.4837551099999997 14.1883242000000003 
    1   8.9619810100000006  5.1819790100000001  9.5470752300000008 
    1  11.1985013599999998  6.4687376199999997 13.2052752000000009 
    1   9.7511114800000005  5.6416171999999998 10.8296836499999998 
    1  10.4088985100000002  6.0157092600000004 14.4902284199999993 
