 3  1  1 E -0.0E+0 DE 0.0E+0( 1) 
 8.96536240000000006E+00 0.00000000000000000E+00 0.00000000000000000E+00 
 4.47614728695973607E+00 7.76800028506544038E+00 0.00000000000000000E+00 
 0.00000000000000000E+00 0.00000000000000000E+00 1.46387584600000000E+01 
  1 
 1.00000000000000000E+00 0.00000000000000000E+00 0.00000000000000000E+00 
 0.00000000000000000E+00 1.00000000000000000E+00 0.00000000000000000E+00 
 0.00000000000000000E+00 0.00000000000000000E+00 1.00000000000000000E+00 
 0.00000000000000000E+00 0.00000000000000000E+00 0.00000000000000000E+00 
       96 
    8   4.4657007300000000  2.5777602700000002  4.1242330599999999 
    8   2.2528647899999998  1.2994386000000000  0.4612135900000000 
    1   5.2664518400000002  2.1414586299999998  3.7842751400000001 
    1   1.4495357799999999  1.7486773000000000  0.1264078100000000 
    1   4.4824044399999998  3.4980248100000000  3.7819699199999999 
    1   2.2378128799999999  0.3814143100000000  0.1288271000000000 
    8   2.2198178099999999  1.2835334500000000  3.2080932600000001 
    8   4.5008943099999996  2.6011258100000001  6.8641281300000001 
    1   2.2417747600000002  1.2985917300000001  2.2234395000000000 
    1   4.4775013699999997  2.5874286299999998  5.8866411699999999 
    1   3.0255220399999998  1.7516158200000000  3.5097380700000000 
    1   3.6880163800000001  2.1355285099999999  7.1635405199999997 
    8   4.4634180399999996  2.5747813000000002 11.4425911199999994 
    8   2.2567049699999999  1.3073110500000000  7.7851854300000003 
    1   5.2786692899999998  2.1335639999999998 11.0951690500000009 
    1   1.4471691400000000  1.7432481500000001  7.4461455200000000 
    1   4.4809102500000000  3.4983979999999999 11.1068205899999999 
    1   2.2351494100000000  0.3834277200000000  7.4368131399999999 
    8   2.2236683199999998  1.2826360699999999 10.5246463099999996 
    8   4.4988340400000002  2.6061717799999999 14.1842510300000004 
    1   2.2454095700000001  1.2879075799999999  9.5456614799999997 
    1   4.4739100499999997  2.5871996899999998 13.2045271799999995 
    1   3.0344223800000001  1.7551410300000001 10.8251595500000004 
    1   3.6877923199999998  2.1286913699999999 14.4873370000000001 
    8   6.6993691799999997  6.4616759200000002  4.1221083399999996 
    8   4.4978057400000004  5.1925641699999998  0.4588266000000000 
    1   7.5146575000000002  6.0248686800000000  3.7825022399999999 
    1   3.6876074499999998  5.6308797000000004  0.1228630300000000 
    1   6.7238035199999997  7.3860457300000002  3.7755241700000002 
    1   4.4746323400000003  4.2660290300000003  0.1236985300000000 
    8   4.4604022099999998  5.1656175900000001  3.2077640299999999 
    8   6.7394792099999998  6.4832586599999997  6.8709867300000003 
    1   4.4774529699999999  5.1812127099999996  2.2276867800000000 
    1   6.7186128299999996  6.4730829200000004  5.8824650800000002 
    1   5.2702972800000003  5.6398667400000004  3.5077255699999998 
    1   5.9264183299999997  6.0115426899999997  7.1640785600000001 
    8   6.6959129800000001  6.4570143699999996 11.4435503799999996 
    8   4.4969492700000000  5.1883202300000004  7.7806005699999998 
    1   7.5077697299999997  6.0248233300000003 11.1021354599999995 
    1   3.6819496500000000  5.6245272599999998  7.4461849800000000 
    1   6.7194260400000001  7.3848140100000004 11.1010007900000005 
    1   4.4798272700000004  4.2703277000000002  7.4429572000000004 
    8   4.4525830300000004  5.1655604300000002 10.5298204200000001 
    8   6.7354831500000003  6.4811286399999997 14.1868646700000003 
    1   4.4795755699999997  5.1791621900000004  9.5422281000000009 
    1   6.7207333900000004  6.4738511200000000 13.2090682499999996 
    1   5.2716517400000003  5.6393981799999997 10.8309197000000008 
    1   5.9243404399999999  6.0176917000000003 14.4880810199999992 
    8   8.9473223500000003  2.5819557700000000  4.1249409100000003 
    8   6.7370970300000002  1.2984921100000000  0.4626097100000000 
    1   9.7580401699999992  2.1398009099999999  3.7807072000000002 
    1   5.9331443999999998  1.7520055299999999  0.1290539100000000 
    1   8.9676064899999997  3.5043807500000002  3.7829299100000000 
    1   6.7233132299999996  0.3837819100000000  0.1259801100000000 
    8   6.7013151899999999  1.2848376300000000  3.2137755100000001 
    8   8.9856041700000002  2.6030718099999999  6.8651566500000003 
    1   6.7196063700000002  1.2969147000000001  2.2326686400000000 
    1   8.9671043099999999  2.5893180600000001  5.8925235899999997 
    1   7.5122725099999998  1.7571917200000000  3.5067557499999999 
    1   8.1682184099999997  2.1323367000000002  7.1738677500000003 
    8   8.9474712499999995  2.5785885199999998 11.4430493000000002 
    8   6.7440298600000004  1.3071616800000001  7.7765731499999999 
    1   9.7539797200000002  2.1400518300000000 11.1048304899999994 
    1   5.9312063899999998  1.7505843000000001  7.4442508099999998 
    1   8.9663005400000007  3.5023476300000000 11.1051723700000000 
    1   6.7186404399999997  0.3841836600000000  7.4459405900000002 
    8   6.6999147600000004  1.2884564900000000 10.5283501600000005 
    8   8.9743871899999998  2.6018591700000000 14.1862754800000008 
    1   6.7211900800000004  1.2899557200000000  9.5475382199999999 
    1   8.9675144299999996  2.5876480100000001 13.2100506099999997 
    1   7.5139793299999997  1.7549435700000000 10.8335180199999996 
    1   8.1690760200000003  2.1342313800000001 14.4944805500000005 
    8  11.1829842900000003  6.4624946300000001  4.1230239600000003 
    8   8.9750164199999993  5.1876881099999999  0.4637424100000000 
    1  11.9908618199999992  6.0197775000000000  3.7800117700000002 
    1   8.1704190899999993  5.6374683000000001  0.1240417300000000 
    1  11.1979113100000003  7.3873955499999999  3.7833815500000001 
    1   8.9562179299999993  4.2709674099999999  0.1192316800000000 
    8   8.9402922700000005  5.1700278800000001  3.2115797200000000 
    8  11.2214239100000004  6.4767559300000004  6.8714574300000004 
    1   8.9616466100000007  5.1817375900000000  2.2200766800000000 
    1  11.1998896000000006  6.4770653100000004  5.8835856399999997 
    1   9.7494103600000006  5.6367229200000004  3.5085935600000000 
    1  10.4148626400000008  6.0190065700000002  7.1700451799999998 
    8  11.1764446199999998  6.4643597000000002 11.4468440699999991 
    8   8.9789359999999991  5.1885814799999999  7.7761710500000003 
    1  11.9890181800000004  6.0177138499999998 11.1016544400000008 
    1   8.1661208999999992  5.6330113099999997  7.4437460599999996 
    1  11.2051261800000006  7.3865648200000003 11.1070254300000002 
    1   8.9572706600000007  4.2661730300000000  7.4409375899999999 
    8   8.9454536600000001  5.1658560500000004 10.5266443600000006 
    8  11.2233262699999994  6.4851261200000003 14.1914084700000007 
    1   8.9573670799999991  5.1809482999999998  9.5512351899999999 
    1  11.2034284999999993  6.4723204599999997 13.2107398499999995 
    1   9.7488999300000003  5.6384945999999996 10.8286927100000003 
    1  10.4039836700000006  6.0148700599999998 14.4906818800000003 
