 3  1  1 E -0.0E+0 DE 0.0E+0( 1) 
 8.96536240000000006E+00 0.00000000000000000E+00 0.00000000000000000E+00 
 4.47614728695973607E+00 7.76800028506544038E+00 0.00000000000000000E+00 
 0.00000000000000000E+00 0.00000000000000000E+00 1.46387584600000000E+01 
  1 
 1.00000000000000000E+00 0.00000000000000000E+00 0.00000000000000000E+00 
 0.00000000000000000E+00 1.00000000000000000E+00 0.00000000000000000E+00 
 0.00000000000000000E+00 0.00000000000000000E+00 1.00000000000000000E+00 
 0.00000000000000000E+00 0.00000000000000000E+00 0.00000000000000000E+00 
       96 
    8   4.4626062500000003  2.5787698300000002  4.1256366099999999 
    8   2.2562462800000000  1.3049522400000000  0.4559190200000000 
    1   5.2792633499999999  2.1365466799999999  3.7805708600000001 
    1   1.4497255499999999  1.7497704000000001  0.1252268400000000 
    1   4.4802928800000004  3.4994353600000001  3.7859019599999999 
    1   2.2347218500000001  0.3814735000000000  0.1202846000000000 
    8   2.2183246099999998  1.2868147500000000  3.2101157300000001 
    8   4.5004299899999998  2.5995065899999998  6.8723964700000000 
    1   2.2435065900000000  1.2948060800000001  2.2258535199999998 
    1   4.4807764900000002  2.5855917599999998  5.8873563100000004 
    1   3.0316895800000001  1.7504642600000000  3.5138950100000002 
    1   3.6919801799999998  2.1341522500000001  7.1677169300000001 
    8   4.4611194200000002  2.5767104299999999 11.4382945100000004 
    8   2.2548646200000002  1.3004574400000000  7.7826548100000004 
    1   5.2741012200000004  2.1335251799999999 11.1091407499999999 
    1   1.4465228100000000  1.7454089900000000  7.4385103800000003 
    1   4.4831894800000001  3.5042632100000000 11.0969802499999997 
    1   2.2314830099999998  0.3843452700000000  7.4403458300000000 
    8   2.2170586000000001  1.2869273699999999 10.5312410799999991 
    8   4.5020139900000000  2.6065180099999998 14.1932015200000006 
    1   2.2425841499999999  1.2938328600000000  9.5457606500000001 
    1   4.4832448100000004  2.5935071100000000 13.2021240100000004 
    1   3.0326965200000000  1.7567260200000001 10.8308789300000008 
    1   3.6902914800000000  2.1331004899999999 14.4902679699999997 
    8   6.6971179899999997  6.4639104500000002  4.1193926599999999 
    8   4.4968708399999997  5.1892035800000000  0.4600843300000000 
    1   7.5103120800000003  6.0211208699999998  3.7828545700000000 
    1   3.6824491199999998  5.6325159999999999  0.1194662900000000 
    1   6.7230458799999999  7.3863560699999997  3.7820623200000001 
    1   4.4746725100000004  4.2617418999999996  0.1201059900000000 
    8   4.4616032700000003  5.1690006899999998  3.2171096600000002 
    8   6.7331818300000004  6.4795453900000002  6.8655346399999999 
    1   4.4801464800000002  5.1829620500000004  2.2289753399999999 
    1   6.7145919400000000  6.4681046400000000  5.8864891600000000 
    1   5.2712138399999997  5.6336612600000002  3.5067308100000001 
    1   5.9278182800000003  6.0199365299999998  7.1723623300000003 
    8   6.7012938699999998  6.4586266099999996 11.4407329900000008 
    8   4.4931265399999996  5.1935056299999998  7.7870078899999999 
    1   7.5060344499999996  6.0265434200000003 11.1004351700000008 
    1   3.6826761900000000  5.6345331900000000  7.4451224399999996 
    1   6.7157780400000000  7.3870092900000000 11.0990781399999996 
    1   4.4809810399999996  4.2688965699999999  7.4419696999999996 
    8   4.4621362199999997  5.1646520799999998 10.5345000500000001 
    8   6.7371194100000000  6.4827504500000002 14.1889585500000006 
    1   4.4808303900000004  5.1790612700000001  9.5437095599999999 
    1   6.7165059300000003  6.4700614099999996 13.2064706699999999 
    1   5.2693461199999998  5.6394506499999997 10.8316548400000006 
    1   5.9228711000000001  6.0132914900000003 14.4888300700000006 
    8   8.9400077800000002  2.5755371000000000  4.1226491400000000 
    8   6.7446323499999998  1.3072534099999999  0.4597427000000000 
    1   9.7517275500000000  2.1332993800000000  3.7783682199999999 
    1   5.9289577800000002  1.7512436899999999  0.1280594300000000 
    1   8.9647191900000003  3.4994295900000001  3.7831860800000001 
    1   6.7180437299999998  0.3828053700000000  0.1223648700000000 
    8   6.7039914500000002  1.2834806999999999  3.2075343599999999 
    8   8.9857209999999998  2.6011515099999998  6.8630256799999998 
    1   6.7239436399999999  1.2908575200000001  2.2221537900000001 
    1   8.9631781999999998  2.5837508800000002  5.8849879100000004 
    1   7.5200676299999998  1.7501287400000001  3.5159661299999998 
    1   8.1732733599999996  2.1307820400000002  7.1703258900000000 
    8   8.9426044000000005  2.5790966700000002 11.4431645900000003 
    8   6.7437520500000003  1.3026576500000000  7.7828766600000003 
    1   9.7558528399999993  2.1361236699999999 11.1071799500000008 
    1   5.9350370999999997  1.7500178399999999  7.4442705499999997 
    1   8.9708302999999994  3.5007259500000001 11.1008761600000003 
    1   6.7220129699999998  0.3776729300000000  7.4467768300000001 
    8   6.7070467000000002  1.2818105000000000 10.5270942999999999 
    8   8.9833282800000003  2.5988601500000001 14.1875323400000006 
    1   6.7216812800000003  1.2871869400000000  9.5446962699999993 
    1   8.9612518199999993  2.5920731199999998 13.2025626799999998 
    1   7.5134288199999997  1.7522721400000001 10.8351145599999992 
    1   8.1722894700000008  2.1295029400000001 14.4900583899999997 
    8  11.1825255499999994  6.4590855999999999  4.1282380800000000 
    8   8.9808426600000004  5.1940201000000004  0.4663375800000000 
    1  11.9935226600000000  6.0189974599999996  3.7844989899999999 
    1   8.1672696899999995  5.6319134699999998  0.1207644900000000 
    1  11.2068932500000003  7.3877189599999999  3.7782570700000000 
    1   8.9535741099999999  4.2654620100000002  0.1235735800000000 
    8   8.9422725500000002  5.1641963500000001  3.2184145200000001 
    8  11.2245564299999998  6.4834641499999996  6.8736305099999999 
    1   8.9561209500000007  5.1803034099999996  2.2246698800000000 
    1  11.2039931799999994  6.4771936500000002  5.8857904699999999 
    1   9.7552935800000000  5.6401243399999998  3.5112841700000001 
    1  10.4100263999999996  6.0221522800000002  7.1689298499999996 
    8  11.1822773000000009  6.4608002800000000 11.4411237999999997 
    8   8.9802266300000007  5.1840907999999999  7.7835881599999999 
    1  11.9956090000000000  6.0206794800000001 11.0995941400000007 
    1   8.1672089700000008  5.6348086000000004  7.4477234599999997 
    1  11.2036212299999995  7.3865550799999999 11.1046757300000003 
    1   8.9528765999999997  4.2612601899999998  7.4454932899999999 
    8   8.9429799200000009  5.1629628800000003 10.5268188299999998 
    8  11.2218857900000000  6.4821533699999998 14.1934451799999994 
    1   8.9546728200000008  5.1825539300000001  9.5448811100000004 
    1  11.2081370400000004  6.4730610100000003 13.2095894000000005 
    1   9.7537335600000006  5.6348230399999997 10.8256522000000004 
    1  10.4080940300000009  6.0089389300000002 14.4866074400000002 
