 3  1  1 E -0.0E+0 DE 0.0E+0( 1) 
 8.96536240000000006E+00 0.00000000000000000E+00 0.00000000000000000E+00 
 4.47614728695973607E+00 7.76800028506544038E+00 0.00000000000000000E+00 
 0.00000000000000000E+00 0.00000000000000000E+00 1.46387584600000000E+01 
  1 
 1.00000000000000000E+00 0.00000000000000000E+00 0.00000000000000000E+00 
 0.00000000000000000E+00 1.00000000000000000E+00 0.00000000000000000E+00 
 0.00000000000000000E+00 0.00000000000000000E+00 1.00000000000000000E+00 
 0.00000000000000000E+00 0.00000000000000000E+00 0.00000000000000000E+00 
       96 
    8   4.4652384200000004  2.5756322500000000  4.1278579100000004 
    8   2.2520661600000000  1.3044074100000000  0.4662366600000000 
    1   5.2805436900000000  2.1370800000000001  3.7791695399999998 
    1   1.4406517800000000  1.7503534800000000  0.1268320300000000 
    1   4.4826168700000002  3.5026841000000002  3.7862459199999998 
    1   2.2350589500000000  0.3791150400000000  0.1264763600000000 
    8   2.2139442100000002  1.2833092600000000  3.2103970999999998 
    8   4.5004855900000003  2.6008667299999999  6.8715990299999996 
    1   2.2398262199999999  1.2996769100000001  2.2252344100000001 
    1   4.4749177700000002  2.5911790799999999  5.8849354800000002 
    1   3.0288202300000000  1.7509366000000000  3.5085001000000000 
    1   3.6867027299999999  2.1363637400000002  7.1689889899999999 
    8   4.4637699800000004  2.5773525700000000 11.4397525499999997 
    8   2.2634272900000001  1.3051878400000001  7.7800346400000002 
    1   5.2771177099999997  2.1371203599999999 11.1048880000000008 
    1   1.4534990000000001  1.7464150000000001  7.4376313200000004 
    1   4.4871203000000000  3.4994673199999999 11.1018120499999995 
    1   2.2335222600000000  0.3866572900000000  7.4442587199999997 
    8   2.2231044600000001  1.2807051700000001 10.5299589299999994 
    8   4.5034514600000000  2.5981943599999999 14.1856526299999999 
    1   2.2388849199999998  1.2913234099999999  9.5466892300000001 
    1   4.4841413799999996  2.5926783400000000 13.2097326699999993 
    1   3.0345948100000002  1.7517626500000001 10.8370475000000006 
    1   3.6843021100000000  2.1371506199999999 14.4886672599999997 
    8   6.6978478499999996  6.4651720900000003  4.1221538200000003 
    8   4.5030565200000003  5.1905697699999997  0.4659031100000000 
    1   7.5059199599999999  6.0241600200000001  3.7849886000000001 
    1   3.6917274299999998  5.6284285900000004  0.1270540900000000 
    1   6.7197803399999998  7.3869022700000002  3.7898265900000001 
    1   4.4708866199999999  4.2636625700000002  0.1252102400000000 
    8   4.4538022799999997  5.1644333900000001  3.2121431100000000 
    8   6.7392798000000003  6.4887258900000004  6.8709234900000000 
    1   4.4831991599999998  5.1777149900000001  2.2219347900000002 
    1   6.7131151899999999  6.4704381800000004  5.8922307399999996 
    1   5.2752248599999998  5.6310142399999998  3.5080604800000001 
    1   5.9209281400000000  6.0198715600000003  7.1671104500000000 
    8   6.7009987200000003  6.4660925200000001 11.4449414199999993 
    8   4.4981980600000000  5.1901952199999997  7.7820985800000004 
    1   7.5093377300000004  6.0199534500000000 11.1039002199999999 
    1   3.6846246800000002  5.6324400700000004  7.4421967499999999 
    1   6.7257500900000000  7.3906447300000000 11.1027940800000007 
    1   4.4792117200000003  4.2642433799999999  7.4429619999999996 
    8   4.4537873599999998  5.1605385000000004 10.5304635799999993 
    8   6.7439369999999998  6.4879366699999999 14.1905103100000005 
    1   4.4760242300000002  5.1848576800000004  9.5450010600000006 
    1   6.7182076200000003  6.4763789999999997 13.2078815100000000 
    1   5.2710639400000003  5.6314993600000003 10.8344772099999993 
    1   5.9246161099999997  6.0159956899999996 14.4952006699999991 
    8   8.9448364199999997  2.5802244700000001  4.1213876000000003 
    8   6.7430878400000003  1.3098449100000000  0.4599635600000000 
    1   9.7530647500000001  2.1426425299999998  3.7834624400000001 
    1   5.9310747800000003  1.7474856000000001  0.1227022500000000 
    1   8.9698121400000002  3.5019473300000001  3.7765025799999998 
    1   6.7212388799999996  0.3859775500000000  0.1250927500000000 
    8   6.7058673600000001  1.2918982900000000  3.2087358899999998 
    8   8.9837516199999996  2.5970452900000001  6.8725186899999997 
    1   6.7210116800000002  1.2961575000000001  2.2228308600000002 
    1   8.9572500200000000  2.5906452199999999  5.8847798899999999 
    1   7.5200090099999999  1.7581168300000001  3.5122920099999999 
    1   8.1720036300000007  2.1309079199999998  7.1753976300000000 
    8   8.9448320199999998  2.5806167400000000 11.4362875000000006 
    8   6.7426631600000002  1.3106178399999999  7.7829785500000002 
    1   9.7567553399999998  2.1355287199999999 11.1010044000000008 
    1   5.9297611999999997  1.7514266900000000  7.4438969300000002 
    1   8.9624666800000004  3.5061396199999999 11.1017408300000007 
    1   6.7170680100000002  0.3761325300000000  7.4377398399999999 
    8   6.7080186599999996  1.2851872400000000 10.5320063200000007 
    8   8.9847921799999995  2.5952448299999999 14.1889233899999994 
    1   6.7227736699999996  1.2958833900000000  9.5466815399999998 
    1   8.9622872600000001  2.5914035300000000 13.2018550999999995 
    1   7.5166571199999996  1.7583302700000001 10.8264176800000005 
    1   8.1749801200000007  2.1296597300000002 14.4923512300000006 
    8  11.1807424700000002  6.4626154500000004  4.1297567700000002 
    8   8.9825872899999997  5.1829736600000000  0.4587463600000000 
    1  11.9945356800000003  6.0183913499999999  3.7845605600000001 
    1   8.1632526500000004  5.6327993899999997  0.1251445900000000 
    1  11.2037644099999998  7.3823427300000004  3.7805946300000000 
    1   8.9589834800000006  4.2640572199999998  0.1227662100000000 
    8   8.9401444800000007  5.1597488399999998  3.2089400299999999 
    8  11.2209374600000000  6.4889730500000002  6.8727267699999999 
    1   8.9565981000000008  5.1791780999999997  2.2267754900000001 
    1  11.2018168700000000  6.4693288500000001  5.8843423100000001 
    1   9.7529942399999996  5.6343911899999997  3.5068941900000001 
    1  10.4123763900000004  6.0158613200000000  7.1673483899999999 
    8  11.1789317199999996  6.4657488399999998 11.4442302799999993 
    8   8.9815070699999993  5.1881503300000000  7.7803140300000004 
    1  11.9965985600000007  6.0254296700000003 11.1029611100000007 
    1   8.1704210199999991  5.6315879899999999  7.4368091099999996 
    1  11.2042478899999995  7.3924249900000003 11.1040575700000002 
    1   8.9543713799999995  4.2625454400000002  7.4440153100000002 
    8   8.9418480999999996  5.1653683399999997 10.5265084499999997 
    8  11.2134269599999996  6.4836196299999997 14.1945425899999993 
    1   8.9597725799999992  5.1787244100000001  9.5501301299999994 
    1  11.1997330900000005  6.4704601600000000 13.2046797199999997 
    1   9.7528736499999997  5.6336409600000001 10.8334186700000004 
    1  10.4053330499999994  6.0173739800000003 14.4922020800000002 
