 3  1  1 E -0.0E+0 DE 0.0E+0( 1) 
 8.96536240000000006E+00 0.00000000000000000E+00 0.00000000000000000E+00 
 4.47614728695973607E+00 7.76800028506544038E+00 0.00000000000000000E+00 
 0.00000000000000000E+00 0.00000000000000000E+00 1.46387584600000000E+01 
  1 
 1.00000000000000000E+00 0.00000000000000000E+00 0.00000000000000000E+00 
 0.00000000000000000E+00 1.00000000000000000E+00 0.00000000000000000E+00 
 0.00000000000000000E+00 0.00000000000000000E+00 1.00000000000000000E+00 
 0.00000000000000000E+00 0.00000000000000000E+00 0.00000000000000000E+00 
       96 
    8   4.4638126900000001  2.5789747599999999  4.1171703300000004 
    8   2.2629047700000000  1.3052540300000000  0.4651367000000000 
    1   5.2734159199999997  2.1373696700000000  3.7828951100000001 
    1   1.4480653800000001  1.7490224999999999  0.1267057500000000 
    1   4.4806843499999998  3.5005337700000001  3.7774365300000001 
    1   2.2327727300000002  0.3823460900000000  0.1205217700000000 
    8   2.2166743100000001  1.2836994799999999  3.2090210500000000 
    8   4.4938941799999998  2.5987584600000000  6.8672808300000003 
    1   2.2398322899999998  1.2988457200000001  2.2198437200000001 
    1   4.4777240100000002  2.5884531900000001  5.8826629400000003 
    1   3.0330775900000000  1.7480416800000000  3.5128850300000001 
    1   3.6850437299999999  2.1340073600000000  7.1662787699999999 
    8   4.4551723100000000  2.5780842599999998 11.4405092699999997 
    8   2.2564027100000001  1.3072946100000000  7.7840927200000003 
    1   5.2721386399999997  2.1340850699999998 11.1014219199999999 
    1   1.4491196200000001  1.7411954199999999  7.4455907999999997 
    1   4.4829499000000004  3.5010015399999999 11.1003291100000006 
    1   2.2376877199999998  0.3826881700000000  7.4473599100000003 
    8   2.2269972199999999  1.2839215200000000 10.5236707500000009 
    8   4.4979889499999999  2.6024541299999999 14.1893447800000008 
    1   2.2466766599999999  1.3000398799999999  9.5505513600000000 
    1   4.4820990399999996  2.5935460500000000 13.2091138400000006 
    1   3.0328521300000002  1.7557371100000001 10.8335687200000006 
    1   3.6848540500000002  2.1286272400000001 14.4941055100000007 
    8   6.6987714100000000  6.4652540399999996  4.1221010299999996 
    8   4.5025361500000001  5.1897021199999998  0.4635315400000000 
    1   7.5117333300000002  6.0210417200000004  3.7818840599999999 
    1   3.6862412500000001  5.6256924399999999  0.1195174700000000 
    1   6.7230392999999999  7.3861724000000004  3.7871861700000000 
    1   4.4775823299999997  4.2664145900000001  0.1287968700000000 
    8   4.4595316599999997  5.1706708299999997  3.2126662700000002 
    8   6.7372455899999997  6.4826470699999996  6.8749083500000001 
    1   4.4829447699999996  5.1779533000000004  2.2292799500000000 
    1   6.7166425099999998  6.4745258400000001  5.8887975600000004 
    1   5.2690865899999997  5.6356392900000003  3.5123508000000001 
    1   5.9280688000000001  6.0095463100000002  7.1667982600000002 
    8   6.6977919600000000  6.4592350100000004 11.4437306999999997 
    8   4.4933350799999996  5.1942235400000003  7.7822320800000000 
    1   7.5100307600000002  6.0227606500000004 11.1010418000000008 
    1   3.6825782100000000  5.6377525899999998  7.4458399999999996 
    1   6.7233125999999999  7.3853725299999997 11.1057519399999993 
    1   4.4817105899999996  4.2647257400000003  7.4427773600000000 
    8   4.4556705299999999  5.1682827299999996 10.5334505200000006 
    8   6.7394055300000000  6.4792509899999997 14.1904768299999997 
    1   4.4754521299999999  5.1720833199999996  9.5387565700000003 
    1   6.7161614900000002  6.4684583399999998 13.2068109400000004 
    1   5.2722987899999998  5.6376177099999998 10.8271987299999992 
    1   5.9285998700000002  6.0167045500000000 14.4908120500000006 
    8   8.9451486700000000  2.5729457700000000  4.1218641500000004 
    8   6.7387785400000002  1.3035855500000000  0.4608317700000000 
    1   9.7600260399999996  2.1412539700000002  3.7738553200000000 
    1   5.9265294800000001  1.7448019299999999  0.1254802700000000 
    1   8.9682936899999994  3.5027766400000000  3.7843993700000000 
    1   6.7222282199999999  0.3777794700000000  0.1271975900000000 
    8   6.7034002700000004  1.2861514100000000  3.2138153200000001 
    8   8.9826369800000005  2.6002308500000000  6.8707349700000000 
    1   6.7254501900000001  1.2942448900000001  2.2255828900000001 
    1   8.9597901400000008  2.5903796899999998  5.8905316299999999 
    1   7.5131292900000002  1.7551908500000000  3.5090484599999998 
    1   8.1711152800000004  2.1299897099999998  7.1725584299999996 
    8   8.9432165500000007  2.5776265600000001 11.4388023600000004 
    8   6.7402691299999997  1.3004801500000001  7.7809271400000002 
    1   9.7596219699999995  2.1345350000000001 11.1018270300000008 
    1   5.9267510200000002  1.7470527800000000  7.4422791000000004 
    1   8.9675234100000001  3.4997342699999998 11.0998336399999999 
    1   6.7179583400000000  0.3764884300000000  7.4484995200000004 
    8   6.7034935500000001  1.2775818400000001 10.5312121300000001 
    8   8.9815946899999997  2.6036517899999998 14.1892758800000003 
    1   6.7185639100000003  1.2966765200000001  9.5451525400000001 
    1   8.9645315799999992  2.5826758700000001 13.2105234399999993 
    1   7.5152406500000000  1.7551816300000000 10.8298542500000003 
    1   8.1762907100000000  2.1304615600000001 14.4886945300000001 
    8  11.1802001200000003  6.4670614700000000  4.1162623700000003 
    8   8.9801906799999998  5.1956547300000002  0.4642778100000000 
    1  11.9919425999999998  6.0149020899999996  3.7874985400000001 
    1   8.1694342800000008  5.6264533600000002  0.1286956300000000 
    1  11.2039186100000006  7.3878651800000004  3.7832525299999999 
    1   8.9587456599999999  4.2660216000000002  0.1213032700000000 
    8   8.9420406099999994  5.1632222399999996  3.2067003399999998 
    8  11.2238741599999994  6.4874703399999998  6.8731557900000002 
    1   8.9580579500000006  5.1804591000000002  2.2298041999999998 
    1  11.2018540899999994  6.4808541399999999  5.8911280100000001 
    1   9.7556549199999996  5.6389464199999999  3.5064342599999998 
    1  10.4095070300000003  6.0196963800000001  7.1704982099999999 
    8  11.1833584100000003  6.4586668500000002 11.4402546399999991 
    8   8.9795843699999995  5.1841631000000001  7.7846779399999999 
    1  11.9923136800000005  6.0170697999999998 11.1063199400000006 
    1   8.1691791200000008  5.6319816899999999  7.4420283300000003 
    1  11.2060179099999999  7.3840033299999996 11.1040003899999995 
    1   8.9558807199999997  4.2609191600000003  7.4401132299999997 
    8   8.9427654099999998  5.1719007499999998 10.5291622999999994 
    8  11.2274060700000007  6.4861805700000001 14.1943472600000007 
    1   8.9655273399999995  5.1768350200000004  9.5464058400000003 
    1  11.1929064399999998  6.4747114600000000 13.2029951499999996 
    1   9.7476728599999998  5.6393145400000000 10.8256470100000008 
    1  10.4148061900000002  6.0151128700000003 14.4888943300000008 
