 3  1  1 E -0.0E+0 DE 0.0E+0( 1) 
 8.96536240000000006E+00 0.00000000000000000E+00 0.00000000000000000E+00 
 4.47614728695973607E+00 7.76800028506544038E+00 0.00000000000000000E+00 
 0.00000000000000000E+00 0.00000000000000000E+00 1.46387584600000000E+01 
  1 
 1.00000000000000000E+00 0.00000000000000000E+00 0.00000000000000000E+00 
 0.00000000000000000E+00 1.00000000000000000E+00 0.00000000000000000E+00 
 0.00000000000000000E+00 0.00000000000000000E+00 1.00000000000000000E+00 
 0.00000000000000000E+00 0.00000000000000000E+00 0.00000000000000000E+00 
       96 
    8   4.4597020000000001  2.5787861200000002  4.1247235000000000 
    8   2.2566176599999999  1.3105514300000001  0.4635608800000000 
    1   5.2736601199999997  2.1390467900000001  3.7845520600000002 
    1   1.4451646700000000  1.7533320800000001  0.1203414100000000 
    1   4.4848365899999996  3.5071291100000002  3.7818158099999999 
    1   2.2364468899999999  0.3764848000000000  0.1268480200000000 
    8   2.2172014099999999  1.2862482500000001  3.2086933300000000 
    8   4.4968291400000000  2.5990483800000002  6.8708919899999996 
    1   2.2452516400000002  1.2911076300000000  2.2305639799999999 
    1   4.4819800599999997  2.5897144999999999  5.8852371899999998 
    1   3.0386605599999998  1.7499143699999999  3.5091950999999999 
    1   3.6965569600000001  2.1332020500000000  7.1663812800000004 
    8   4.4647920799999996  2.5814338700000001 11.4383431899999994 
    8   2.2588387499999998  1.3122181200000000  7.7799759799999997 
    1   5.2712607299999998  2.1316879900000001 11.1072234699999992 
    1   1.4486541300000000  1.7480616700000000  7.4442316399999999 
    1   4.4826023399999997  3.4948265599999999 11.1083696599999993 
    1   2.2374518200000000  0.3829757900000000  7.4452176699999999 
    8   2.2188474700000000  1.2889499499999999 10.5295579600000000 
    8   4.5030253399999998  2.5979361100000000 14.1877518299999998 
    1   2.2431298700000002  1.2981819800000001  9.5462260400000005 
    1   4.4825705100000004  2.5802906600000002 13.2087657600000004 
    1   3.0397100099999999  1.7565305899999999 10.8334627999999995 
    1   3.6911963600000002  2.1331576700000001 14.4843475799999997 
    8   6.6992296500000004  6.4620041400000003  4.1242530899999998 
    8   4.4994175900000002  5.1908937899999996  0.4615224600000000 
    1   7.5108708000000002  6.0199548500000004  3.7848901100000001 
    1   3.6827972899999999  5.6316308700000004  0.1217610500000000 
    1   6.7166874700000001  7.3843485800000002  3.7834981999999999 
    1   4.4716904099999999  4.2700172299999997  0.1224301700000000 
    8   4.4568722400000000  5.1670870300000002  3.2123447000000001 
    8   6.7347268299999996  6.4824527099999996  6.8650405900000004 
    1   4.4758623899999996  5.1801720800000002  2.2287464500000000 
    1   6.7193423200000000  6.4702563000000000  5.8818762299999996 
    1   5.2718933100000003  5.6311181599999998  3.5047577900000002 
    1   5.9295610700000001  6.0105633400000000  7.1694006899999998 
    8   6.6971901999999996  6.4676331500000002 11.4457881399999994 
    8   4.4981050400000004  5.1883825300000002  7.7835762400000004 
    1   7.5113051899999999  6.0249490100000003 11.1020279300000002 
    1   3.6803583199999998  5.6345749600000001  7.4400140500000003 
    1   6.7189039800000003  7.3898597500000003 11.1037693399999995 
    1   4.4743005900000004  4.2714076800000003  7.4509584799999997 
    8   4.4612290400000001  5.1651926799999996 10.5308767599999999 
    8   6.7374971700000001  6.4857345999999998 14.1857332100000004 
    1   4.4785150600000003  5.1856049100000003  9.5416424600000003 
    1   6.7233745799999998  6.4708031000000004 13.2102338100000001 
    1   5.2671907999999998  5.6401616900000002 10.8273233999999992 
    1   5.9295340400000001  6.0189780400000004 14.4902659400000005 
    8   8.9497174099999999  2.5799818999999999  4.1249485400000001 
    8   6.7421334100000001  1.3041544000000000  0.4639664600000000 
    1   9.7530481200000008  2.1382542600000001  3.7849611599999999 
    1   5.9299554299999997  1.7445704200000001  0.1225499300000000 
    1   8.9687449200000007  3.5066687399999998  3.7880546599999998 
    1   6.7206888600000001  0.3828152800000000  0.1294272500000000 
    8   6.7001374499999997  1.2856639900000000  3.2070035899999998 
    8   8.9809005200000005  2.6070187599999999  6.8662928599999997 
    1   6.7226241800000004  1.2940766200000000  2.2232843700000000 
    1   8.9621326400000001  2.5903844899999999  5.8897729999999999 
    1   7.5194804199999998  1.7549909200000000  3.5077432300000000 
    1   8.1680997600000005  2.1306896499999999  7.1702471799999996 
    8   8.9342382600000008  2.5764330300000000 11.4382708500000003 
    8   6.7423911299999997  1.3095290500000001  7.7772834800000004 
    1   9.7609218900000005  2.1342941400000002 11.0992711400000008 
    1   5.9261142400000004  1.7450078700000000  7.4471916900000004 
    1   8.9709011400000005  3.5070481299999998 11.1010060599999996 
    1   6.7247007500000002  0.3854731100000000  7.4405611900000004 
    8   6.6995126400000000  1.2831776100000001 10.5307963200000003 
    8   8.9903105100000005  2.5994228399999999 14.1906958599999999 
    1   6.7181438699999996  1.2945747100000000  9.5481765299999992 
    1   8.9629620800000005  2.5904373299999999 13.2040054999999992 
    1   7.5156745799999998  1.7546314900000000 10.8281358399999998 
    1   8.1767383299999992  2.1358441899999998 14.4930747100000001 
    8  11.1858620299999991  6.4622194700000000  4.1166898600000001 
    8   8.9786438799999999  5.1837032399999998  0.4587350800000000 
    1  11.9931201800000000  6.0203777599999997  3.7840430600000001 
    1   8.1703272899999995  5.6257501000000003  0.1232221900000000 
    1  11.2116310899999991  7.3818164900000003  3.7826590200000001 
    1   8.9579342999999998  4.2664135300000003  0.1253292000000000 
    8   8.9378217299999996  5.1693664300000002  3.2017886500000001 
    8  11.2160377699999998  6.4798518899999999  6.8666458199999996 
    1   8.9617885800000003  5.1782851799999996  2.2229204000000000 
    1  11.1966812900000008  6.4723496000000003  5.8904837399999996 
    1   9.7505150399999998  5.6392334499999999  3.5055598600000000 
    1  10.4076952699999996  6.0160425200000001  7.1690325399999999 
    8  11.1823259700000008  6.4655461799999996 11.4422298300000005 
    8   8.9747617300000009  5.1858471399999999  7.7860101100000003 
    1  11.9985961000000003  6.0171622600000001 11.1032689700000002 
    1   8.1688672300000000  5.6307206699999997  7.4430341000000002 
    1  11.2023350100000005  7.3880928099999998 11.1039716899999998 
    1   8.9520673899999998  4.2612878099999998  7.4430235099999997 
    8   8.9441019399999995  5.1659135000000003 10.5291291299999994 
    8  11.2142396699999995  6.4771195600000002 14.1944079900000002 
    1   8.9567479100000007  5.1778358500000001  9.5414985399999992 
    1  11.2047907799999997  6.4772194699999996 13.2048368400000005 
    1   9.7554286200000000  5.6371123100000000 10.8283197300000005 
    1  10.4123980300000003  6.0190505500000002 14.4866298199999992 
