 3  1  1 E -0.0E+0 DE 0.0E+0( 1) 
 8.96536240000000006E+00 0.00000000000000000E+00 0.00000000000000000E+00 
 4.47614728695973607E+00 7.76800028506544038E+00 0.00000000000000000E+00 
 0.00000000000000000E+00 0.00000000000000000E+00 1.46387584600000000E+01 
  1 
 1.00000000000000000E+00 0.00000000000000000E+00 0.00000000000000000E+00 
 0.00000000000000000E+00 1.00000000000000000E+00 0.00000000000000000E+00 
 0.00000000000000000E+00 0.00000000000000000E+00 1.00000000000000000E+00 
 0.00000000000000000E+00 0.00000000000000000E+00 0.00000000000000000E+00 
       96 
    8   4.4588975700000004  2.5728353500000001  4.1200072700000003 
    8   2.2614023699999999  1.3067225899999999  0.4573579000000000 
    1   5.2742512399999999  2.1305777099999998  3.7799630899999999 
    1   1.4449683000000000  1.7476136200000001  0.1213265000000000 
    1   4.4831511900000001  3.5079856600000001  3.7824019600000001 
    1   2.2397132200000001  0.3784157100000000  0.1224863800000000 
    8   2.2238199700000001  1.2789852700000000  3.2094368300000000 
    8   4.5018578500000004  2.5983416500000001  6.8671376300000002 
    1   2.2416265200000001  1.2933287800000000  2.2221113099999998 
    1   4.4879851000000004  2.5882309800000001  5.8803878300000001 
    1   3.0293886400000001  1.7492031900000000  3.5083251999999998 
    1   3.6874466600000000  2.1314564800000002  7.1717312199999999 
    8   4.4584900899999997  2.5799723499999998 11.4442068300000006 
    8   2.2615298199999998  1.3054840700000001  7.7844575100000002 
    1   5.2752462099999997  2.1308993699999998 11.0974544500000007 
    1   1.4433844400000000  1.7457043600000000  7.4471104099999996 
    1   4.4820368500000001  3.5016162099999999 11.1046047399999992 
    1   2.2365221700000002  0.3820976500000000  7.4427879099999998 
    8   2.2172071700000000  1.2847096700000000 10.5271619399999992 
    8   4.5034109200000003  2.6048721100000001 14.1918769200000003 
    1   2.2387931900000000  1.2915215900000001  9.5438452100000006 
    1   4.4841866699999997  2.5920861899999998 13.2067938399999996 
    1   3.0292096300000000  1.7436345499999999 10.8285819900000000 
    1   3.6836185100000001  2.1244147799999999 14.4900033900000000 
    8   6.6957738500000001  6.4534237799999996  4.1217848400000001 
    8   4.5016448999999996  5.1920616700000002  0.4626375100000000 
    1   7.5078003000000004  6.0199931600000003  3.7837914800000001 
    1   3.6858464000000000  5.6307965900000001  0.1237746800000000 
    1   6.7244312400000004  7.3827587799999996  3.7820448700000000 
    1   4.4780234200000004  4.2663054799999998  0.1234590100000000 
    8   4.4630078600000003  5.1618423000000000  3.2097390099999998 
    8   6.7366574000000004  6.4875907599999998  6.8727119400000003 
    1   4.4772768500000000  5.1738984300000004  2.2199912099999999 
    1   6.7184957599999997  6.4750743000000002  5.8835015700000000 
    1   5.2661591300000001  5.6338052100000002  3.5157010000000000 
    1   5.9256421399999999  6.0188614700000000  7.1698767200000004 
    8   6.6961356700000003  6.4631843099999999 11.4462892499999995 
    8   4.4981539599999998  5.1878184400000000  7.7862041800000004 
    1   7.5179778700000002  6.0134537600000000 11.1005305100000005 
    1   3.6862914199999999  5.6270356799999997  7.4425913000000001 
    1   6.7179711500000003  7.3873548199999997 11.1020799500000003 
    1   4.4755643300000001  4.2628423199999999  7.4491428199999996 
    8   4.4547030799999998  5.1612928199999999 10.5307139900000006 
    8   6.7427324500000001  6.4815786299999996 14.1914792700000003 
    1   4.4803282700000002  5.1789043200000000  9.5466310399999994 
    1   6.7201881099999996  6.4732705499999996 13.2070660600000007 
    1   5.2654975200000003  5.6379746800000001 10.8347986299999999 
    1   5.9222455900000002  6.0129167900000002 14.4892044099999993 
    8   8.9465654099999998  2.5809184300000001  4.1202303999999996 
    8   6.7374228100000000  1.3090745800000001  0.4629390000000000 
    1   9.7536980900000003  2.1420625700000002  3.7734112799999999 
    1   5.9322204699999999  1.7486267900000001  0.1213716300000000 
    1   8.9609302999999993  3.4994750600000000  3.7803530599999999 
    1   6.7177019299999996  0.3810662200000000  0.1238999900000000 
    8   6.7006402300000003  1.2828938400000001  3.2129187099999998 
    8   8.9766559000000008  2.5982927800000000  6.8668809700000004 
    1   6.7261894099999999  1.2930236200000000  2.2202110899999998 
    1   8.9631835500000001  2.5934335100000001  5.8874171500000001 
    1   7.5152906599999998  1.7535782600000001  3.5046434500000001 
    1   8.1721067400000003  2.1326093699999999  7.1698164599999998 
    8   8.9426635300000008  2.5772971800000000 11.4434112199999998 
    8   6.7413728600000002  1.3119769100000001  7.7778169200000002 
    1   9.7557230599999993  2.1352451100000001 11.0999383500000004 
    1   5.9338512200000002  1.7488638299999999  7.4434546700000004 
    1   8.9641867899999994  3.5013060399999998 11.1038550800000007 
    1   6.7267238799999998  0.3827328900000000  7.4462308400000001 
    8   6.6989187599999998  1.2849822900000001 10.5269528200000000 
    8   8.9805689500000003  2.6012916499999998 14.1880089900000002 
    1   6.7215556899999997  1.2942931099999999  9.5394284099999993 
    1   8.9674008700000005  2.5873787400000001 13.2005306999999998 
    1   7.5116775699999998  1.7474959200000000 10.8247192000000005 
    1   8.1718511700000001  2.1316816799999998 14.4879236200000001 
    8  11.1846960699999993  6.4618282000000002  4.1229123500000000 
    8   8.9818578799999997  5.1868628699999997  0.4668522000000000 
    1  11.9983978600000007  6.0237299300000000  3.7880491500000000 
    1   8.1663641200000008  5.6351897900000001  0.1317677200000000 
    1  11.2029011500000006  7.3825929600000002  3.7778684299999998 
    1   8.9606963900000007  4.2696475600000001  0.1248101100000000 
    8   8.9408506200000009  5.1683740699999996  3.2119613100000000 
    8  11.2240958200000005  6.4804177999999997  6.8717582400000001 
    1   8.9609839699999991  5.1766302299999998  2.2207252199999998 
    1  11.2033114400000002  6.4739743900000004  5.8822836000000001 
    1   9.7498182700000005  5.6439570400000001  3.5087469400000000 
    1  10.4159764900000003  6.0197283300000004  7.1657472000000002 
    8  11.1852803099999996  6.4572240599999997 11.4480125499999996 
    8   8.9847827799999997  5.1880978500000001  7.7795152999999999 
    1  11.9947623300000004  6.0232850300000003 11.1043316900000004 
    1   8.1649198199999997  5.6260472899999998  7.4428959600000004 
    1  11.2053376199999999  7.3839438499999996 11.1048027499999993 
    1   8.9599091299999998  4.2630375799999998  7.4454485699999999 
    8   8.9425164699999993  5.1662500900000001 10.5361169199999996 
    8  11.2249454699999998  6.4869846899999999 14.1882992199999993 
    1   8.9653213500000000  5.1809002399999997  9.5443425699999995 
    1  11.2007335399999999  6.4678149200000004 13.2048937700000000 
    1   9.7511358000000001  5.6393918400000000 10.8320577399999998 
    1  10.4049384899999993  6.0215777800000003 14.4959483700000007 
