 3  1  1 E -0.0E+0 DE 0.0E+0( 1) 
 8.96536240000000006E+00 0.00000000000000000E+00 0.00000000000000000E+00 
 4.47614728695973607E+00 7.76800028506544038E+00 0.00000000000000000E+00 
 0.00000000000000000E+00 0.00000000000000000E+00 1.46387584600000000E+01 
  1 
 1.00000000000000000E+00 0.00000000000000000E+00 0.00000000000000000E+00 
 0.00000000000000000E+00 1.00000000000000000E+00 0.00000000000000000E+00 
 0.00000000000000000E+00 0.00000000000000000E+00 1.00000000000000000E+00 
 0.00000000000000000E+00 0.00000000000000000E+00 0.00000000000000000E+00 
       96 
    8   4.4603690800000004  2.5830268200000002  4.1210481899999998 
    8   2.2589739199999999  1.2990941100000000  0.4694596500000000 
    1   5.2724655499999997  2.1373691699999999  3.7841927000000002 
    1   1.4494114600000001  1.7417272100000001  0.1219510300000000 
    1   4.4840826500000004  3.5061032999999999  3.7843518000000000 
    1   2.2366638000000001  0.3806450400000000  0.1262066000000000 
    8   2.2282828200000000  1.2845769700000000  3.2115374600000002 
    8   4.4962048599999997  2.6044071700000000  6.8655741900000002 
    1   2.2389180400000002  1.2889393700000000  2.2251008400000001 
    1   4.4808244300000002  2.5883766399999999  5.8834537200000003 
    1   3.0287155299999999  1.7488433299999999  3.5095516500000001 
    1   3.6878060600000002  2.1265370400000001  7.1706177499999999 
    8   4.4628762899999996  2.5839522599999998 11.4415816100000001 
    8   2.2582703899999998  1.3055395500000000  7.7792676199999997 
    1   5.2721252700000001  2.1323112900000001 11.0986477499999996 
    1   1.4509370699999999  1.7446169400000000  7.4477834200000004 
    1   4.4828230700000002  3.5013544799999998 11.0992937800000000 
    1   2.2353399199999999  0.3870218900000000  7.4331887400000003 
    8   2.2192408499999998  1.2883966700000000 10.5351251200000000 
    8   4.5066493000000003  2.5988325500000000 14.1914892600000009 
    1   2.2367165700000000  1.2959579500000000  9.5437469999999998 
    1   4.4801974600000003  2.5915306800000000 13.2004405600000005 
    1   3.0385528399999999  1.7496431400000001 10.8266413999999997 
    1   3.6872006100000001  2.1345504700000002 14.4877527500000003 
    8   6.7044418300000004  6.4640914799999996  4.1216066700000002 
    8   4.4979081299999999  5.1963385100000004  0.4649813700000000 
    1   7.5148783500000000  6.0243622300000004  3.7854201399999998 
    1   3.6898851300000000  5.6293384900000003  0.1251535600000000 
    1   6.7255758200000004  7.3893340900000002  3.7803025500000000 
    1   4.4760433500000003  4.2662128099999999  0.1230716700000000 
    8   4.4551782299999996  5.1588256799999996  3.2094843900000001 
    8   6.7342662200000003  6.4820851399999997  6.8746334700000000 
    1   4.4769232499999996  5.1825250100000000  2.2232375800000002 
    1   6.7206916000000003  6.4766239399999996  5.8884629500000001 
    1   5.2679418900000003  5.6424001099999996  3.5152162100000002 
    1   5.9263214099999999  6.0104822100000002  7.1711848700000003 
    8   6.7001064499999998  6.4520512300000004 11.4486608699999994 
    8   4.4907373499999999  5.1918771300000000  7.7834107499999998 
    1   7.5132326799999998  6.0224698999999999 11.0999689000000004 
    1   3.6840678100000002  5.6295005900000001  7.4376722400000004 
    1   6.7222183400000004  7.3890326200000001 11.1070881400000001 
    1   4.4709137400000003  4.2675840899999997  7.4426057800000001 
    8   4.4526075000000001  5.1700207799999998 10.5323550600000004 
    8   6.7386807099999997  6.4842495299999996 14.1832104099999992 
    1   4.4779975099999998  5.1814416799999998  9.5415567200000009 
    1   6.7175179600000003  6.4707815799999997 13.2054747599999995 
    1   5.2720992500000001  5.6367876900000002 10.8284656399999992 
    1   5.9261711200000002  6.0166038100000003 14.4894058599999997 
    8   8.9408124499999992  2.5734969599999999  4.1204970200000002 
    8   6.7403069499999999  1.3095153799999999  0.4620876200000000 
    1   9.7542658200000005  2.1363682200000000  3.7820107500000000 
    1   5.9337611399999997  1.7504886399999999  0.1233992100000000 
    1   8.9619317699999996  3.4993001300000000  3.7804580500000000 
    1   6.7186825199999998  0.3826072600000000  0.1263457400000000 
    8   6.7044249499999999  1.2776038800000000  3.2042607500000000 
    8   8.9802397799999998  2.6052634600000002  6.8649900199999996 
    1   6.7223540699999997  1.2948387400000001  2.2266032899999999 
    1   8.9640505800000003  2.5811820999999999  5.8845872100000003 
    1   7.5185735800000000  1.7527410299999999  3.5074334500000002 
    1   8.1719965999999999  2.1341894500000000  7.1710611499999999 
    8   8.9425385599999991  2.5811698500000002 11.4413542899999996 
    8   6.7370908099999998  1.2998902500000000  7.7818840099999997 
    1   9.7492087800000000  2.1385462300000002 11.1054471600000007 
    1   5.9267102700000001  1.7495648100000001  7.4464379999999997 
    1   8.9654920300000001  3.5053776000000001 11.0994457200000003 
    1   6.7144462999999996  0.3807242000000000  7.4374902199999999 
    8   6.7054499500000002  1.2818005299999999 10.5285630799999996 
    8   8.9811600100000000  2.6012934699999999 14.1866218899999996 
    1   6.7254178800000002  1.2941482799999999  9.5464132900000003 
    1   8.9757189799999999  2.5840426900000000 13.2004046099999996 
    1   7.5153634699999996  1.7491988900000000 10.8350607199999995 
    1   8.1656427699999998  2.1285859399999998 14.4932579500000003 
    8  11.1831284199999992  6.4559805499999996  4.1243220000000003 
    8   8.9824050900000003  5.1912477299999997  0.4615058500000000 
    1  11.9987724900000003  6.0202828899999998  3.7803024700000001 
    1   8.1688346999999997  5.6292052699999999  0.1300995700000000 
    1  11.2084538100000000  7.3869935299999998  3.7840353100000002 
    1   8.9622543500000003  4.2650333399999996  0.1203216000000000 
    8   8.9367084400000003  5.1630512399999997  3.2137218900000000 
    8  11.2233364899999994  6.4887140299999997  6.8711650100000004 
    1   8.9590456799999991  5.1775901700000002  2.2235316200000002 
    1  11.2026931100000002  6.4728032100000004  5.8878367599999999 
    1   9.7546491900000003  5.6347215600000000  3.5092949299999998 
    1  10.4059048000000001  6.0174955700000003  7.1689271799999998 
    8  11.1816174299999993  6.4662280200000000 11.4350380800000000 
    8   8.9824065199999996  5.1874461299999997  7.7841032600000002 
    1  11.9852791399999994  6.0283674100000004 11.1022461099999994 
    1   8.1669689699999992  5.6324013700000002  7.4443717500000002 
    1  11.2028708699999999  7.3890193300000000 11.1041734099999996 
    1   8.9537312799999995  4.2669014199999999  7.4403678900000001 
    8   8.9443824299999992  5.1704800400000002 10.5273942100000006 
    8  11.2198456100000001  6.4850873399999998 14.1917600400000001 
    1   8.9588485099999993  5.1798714900000000  9.5453603699999992 
    1  11.1980716800000000  6.4735265699999998 13.2091728600000007 
    1   9.7533839400000009  5.6392397299999999 10.8287330100000005 
    1  10.4079665000000006  6.0145330100000001 14.4859913500000008 
