 3  1  1 E -0.0E+0 DE 0.0E+0( 1) 
 8.96536240000000006E+00 0.00000000000000000E+00 0.00000000000000000E+00 
 4.47614728695973607E+00 7.76800028506544038E+00 0.00000000000000000E+00 
 0.00000000000000000E+00 0.00000000000000000E+00 1.46387584600000000E+01 
  1 
 1.00000000000000000E+00 0.00000000000000000E+00 0.00000000000000000E+00 
 0.00000000000000000E+00 1.00000000000000000E+00 0.00000000000000000E+00 
 0.00000000000000000E+00 0.00000000000000000E+00 1.00000000000000000E+00 
 0.00000000000000000E+00 0.00000000000000000E+00 0.00000000000000000E+00 
       96 
    8   4.4660445299999996  2.5765883900000000  4.1185026499999999 
    8   2.2557439200000000  1.3030207199999999  0.4555126800000000 
    1   5.2705528599999996  2.1381128299999999  3.7850592000000001 
    1   1.4448409400000000  1.7492636699999999  0.1240991600000000 
    1   4.4893829600000004  3.5056589400000000  3.7831944399999999 
    1   2.2350220799999998  0.3776319500000000  0.1265755800000000 
    8   2.2196003200000001  1.2823497699999999  3.2076353499999999 
    8   4.4922895900000004  2.6008060799999999  6.8779396500000001 
    1   2.2368795000000001  1.2986080400000000  2.2231927499999999 
    1   4.4821105799999996  2.5876804299999998  5.8854527799999996 
    1   3.0295514699999999  1.7524048000000001  3.5116732100000001 
    1   3.6845682900000001  2.1295745300000002  7.1710817899999997 
    8   4.4661616500000001  2.5802550499999999 11.4356121399999999 
    8   2.2608390100000002  1.3010580599999999  7.7814485600000003 
    1   5.2749593499999996  2.1366573899999999 11.1068163999999996 
    1   1.4382015699999999  1.7437876000000001  7.4387393599999996 
    1   4.4859623500000003  3.5041983800000001 11.1029327900000006 
    1   2.2390232000000001  0.3803404600000000  7.4413925399999998 
    8   2.2204185100000000  1.2872286900000001 10.5308267999999998 
    8   4.4960851599999998  2.5994982599999998 14.1867130899999996 
    1   2.2360987300000001  1.2961801300000000  9.5419799399999992 
    1   4.4731681600000002  2.5908652700000001 13.1974202399999996 
    1   3.0354531800000002  1.7524762599999999 10.8346741699999995 
    1   3.6915191900000002  2.1298540300000002 14.4841476700000005 
    8   6.7030528699999996  6.4619934499999996  4.1309371800000001 
    8   4.4983133999999998  5.1920040099999998  0.4647041900000000 
    1   7.5119330399999997  6.0213802699999999  3.7862101899999998 
    1   3.6849073200000002  5.6316402500000002  0.1266795600000000 
    1   6.7252008999999999  7.3857624499999996  3.7794979299999998 
    1   4.4757316800000000  4.2710767000000001  0.1209725500000000 
    8   4.4600810299999996  5.1662079099999998  3.2119030600000000 
    8   6.7379723499999997  6.4801144300000004  6.8735677199999996 
    1   4.4759839499999998  5.1740294699999998  2.2332855800000000 
    1   6.7207241399999997  6.4772138000000004  5.8911733399999999 
    1   5.2672850799999997  5.6299885500000002  3.5065744400000001 
    1   5.9193850499999998  6.0151499499999996  7.1663392200000002 
    8   6.6951634200000001  6.4661606699999998 11.4414526999999993 
    8   4.5010286800000001  5.1903258100000000  7.7861057799999998 
    1   7.5087957699999999  6.0197278799999996 11.1022060699999994 
    1   3.6792563000000000  5.6362070400000004  7.4427209500000000 
    1   6.7195207500000000  7.3886860600000004 11.1009460099999995 
    1   4.4740105899999998  4.2602473200000004  7.4405856799999999 
    8   4.4568564000000004  5.1682248399999997 10.5275518800000008 
    8   6.7399109900000003  6.4801529999999996 14.1878770299999992 
    1   4.4834907800000003  5.1716311299999997  9.5464041799999997 
    1   6.7171872600000002  6.4714608299999998 13.2036477100000003 
    1   5.2714206099999998  5.6331176599999999 10.8299531499999997 
    1   5.9268621000000001  6.0143826699999998 14.4907712699999998 
    8   8.9367386300000007  2.5814160400000001  4.1225255499999998 
    8   6.7431722299999999  1.3052629700000000  0.4595945300000000 
    1   9.7498464299999998  2.1332020400000000  3.7812126199999998 
    1   5.9287131799999999  1.7493495299999999  0.1251869300000000 
    1   8.9687960199999992  3.5023746899999999  3.7865427500000002 
    1   6.7193169599999996  0.3823568700000000  0.1241541500000000 
    8   6.6975423400000000  1.2801761000000000  3.2113801199999998 
    8   8.9823717399999996  2.6009323800000002  6.8708504300000000 
    1   6.7248795799999996  1.2936700800000001  2.2261213600000000 
    1   8.9632243799999998  2.5914174900000000  5.8895405600000004 
    1   7.5200397800000003  1.7451881600000001  3.5120252700000001 
    1   8.1729361699999998  2.1359546300000001  7.1689553699999999 
    8   8.9426634499999995  2.5816983200000001 11.4395873600000009 
    8   6.7370786999999996  1.3069550100000000  7.7829823400000002 
    1   9.7535175200000008  2.1356997199999999 11.1043618199999994 
    1   5.9267759499999997  1.7525876400000000  7.4482291299999996 
    1   8.9690660900000001  3.5000952000000001 11.1022870800000000 
    1   6.7163158699999999  0.3820651300000000  7.4433201000000002 
    8   6.7050449299999997  1.2833019500000000 10.5291907600000005 
    8   8.9830396799999992  2.6012883599999999 14.1893939200000005 
    1   6.7221437599999998  1.2990351000000000  9.5451665899999991 
    1   8.9618155700000006  2.5919863599999999 13.2042294899999995 
    1   7.5107503500000004  1.7556309200000000 10.8324706099999997 
    1   8.1714204299999995  2.1290836500000001 14.4818297099999995 
    8  11.1813412099999994  6.4635530499999998  4.1268365999999999 
    8   8.9847969699999997  5.1935284800000003  0.4593833500000000 
    1  11.9982626799999998  6.0240664500000003  3.7838853900000000 
    1   8.1683562399999996  5.6310968299999997  0.1226918700000000 
    1  11.2021474800000007  7.3870611899999998  3.7855094100000000 
    1   8.9557944099999993  4.2658036800000003  0.1206418500000000 
    8   8.9400260800000009  5.1630373599999997  3.2038208500000001 
    8  11.2219804399999994  6.4870856999999997  6.8666783699999998 
    1   8.9606614899999997  5.1757906399999998  2.2217678699999999 
    1  11.2022218299999992  6.4741003399999997  5.8813022899999998 
    1   9.7452637499999994  5.6361577599999997  3.5078525400000000 
    1  10.4089153099999994  6.0194042300000001  7.1673350300000003 
    8  11.1817803199999997  6.4587527099999997 11.4450080500000002 
    8   8.9836359199999993  5.1863055600000001  7.7823441000000004 
    1  12.0015594399999994  6.0225437599999996 11.1031092200000003 
    1   8.1674563399999993  5.6312995600000004  7.4401253499999997 
    1  11.2085144700000008  7.3882175099999996 11.1043065300000006 
    1   8.9624912400000003  4.2687977000000004  7.4425289599999997 
    8   8.9416385799999993  5.1692110400000004 10.5306918799999991 
    8  11.2208163600000006  6.4866406899999998 14.1861849099999997 
    1   8.9661472500000006  5.1829568000000004  9.5496326800000002 
    1  11.2036112499999998  6.4756295200000000 13.2029216999999992 
    1   9.7560718499999997  5.6366239900000004 10.8311949199999997 
    1  10.4080033499999995  6.0141735599999997 14.4903299200000006 
