 3  1  1 E -0.0E+0 DE 0.0E+0( 1) 
 8.96536240000000006E+00 0.00000000000000000E+00 0.00000000000000000E+00 
 4.47614728695973607E+00 7.76800028506544038E+00 0.00000000000000000E+00 
 0.00000000000000000E+00 0.00000000000000000E+00 1.46387584600000000E+01 
  1 
 1.00000000000000000E+00 0.00000000000000000E+00 0.00000000000000000E+00 
 0.00000000000000000E+00 1.00000000000000000E+00 0.00000000000000000E+00 
 0.00000000000000000E+00 0.00000000000000000E+00 1.00000000000000000E+00 
 0.00000000000000000E+00 0.00000000000000000E+00 0.00000000000000000E+00 
       96 
    8   4.4633294899999996  2.5811711599999998  4.1231386299999997 
    8   2.2652493800000002  1.3095985100000000  0.4651655400000000 
    1   5.2794257099999999  2.1326158000000000  3.7801219900000000 
    1   1.4512463400000000  1.7466784500000001  0.1221815800000000 
    1   4.4830335000000003  3.5013002800000002  3.7792191900000001 
    1   2.2336155700000000  0.3780080600000000  0.1232400000000000 
    8   2.2199924499999999  1.2845197200000000  3.2034710300000002 
    8   4.4982453700000002  2.5969196800000001  6.8699192399999998 
    1   2.2443611899999998  1.2920544300000001  2.2244647299999998 
    1   4.4815610499999998  2.5848758400000000  5.8868599599999998 
    1   3.0343856100000002  1.7504683999999999  3.5131237400000002 
    1   3.6844188999999998  2.1339099199999998  7.1648573799999999 
    8   4.4572015000000000  2.5809672199999998 11.4434894200000006 
    8   2.2566723500000001  1.3055571200000000  7.7834170299999998 
    1   5.2743239700000002  2.1356495199999999 11.1051178000000004 
    1   1.4462957500000000  1.7526339300000000  7.4422603000000001 
    1   4.4811732600000003  3.5038033700000000 11.1024314000000004 
    1   2.2353171299999999  0.3820751600000000  7.4451070599999998 
    8   2.2146957100000000  1.2848229099999999 10.5285860499999995 
    8   4.5017072400000000  2.5982243800000000 14.1913215699999995 
    1   2.2378370099999998  1.2954539199999999  9.5477492599999998 
    1   4.4833800000000004  2.5899643999999999 13.2027302899999999 
    1   3.0307993000000000  1.7482414200000000 10.8333150600000003 
    1   3.6890695999999998  2.1280614600000001 14.4857535700000000 
    8   6.7046660100000004  6.4621679099999998  4.1262551700000003 
    8   4.4968730099999998  5.1921828500000000  0.4599965400000000 
    1   7.5179065300000003  6.0215643999999999  3.7874928699999999 
    1   3.6835328299999999  5.6336951099999997  0.1304594900000000 
    1   6.7162644000000000  7.3831191699999996  3.7885952100000000 
    1   4.4763020800000000  4.2653137399999999  0.1229985800000000 
    8   4.4585973100000000  5.1700047800000002  3.2089221800000001 
    8   6.7365869199999997  6.4827242399999996  6.8783412700000000 
    1   4.4745286799999997  5.1740780700000002  2.2280604099999999 
    1   6.7143740400000000  6.4641797399999996  5.8886826000000001 
    1   5.2689061600000002  5.6330989000000002  3.5160844999999998 
    1   5.9261302899999997  6.0176758499999998  7.1653618100000003 
    8   6.6990072200000004  6.4668482899999997 11.4460686500000008 
    8   4.4968823000000002  5.1899515699999998  7.7802665600000003 
    1   7.5104975400000002  6.0219079500000001 11.0992400500000006 
    1   3.6872780299999999  5.6325127100000003  7.4399111400000004 
    1   6.7259570000000002  7.3827280200000001 11.1078689799999992 
    1   4.4775842399999997  4.2664806000000004  7.4396730700000004 
    8   4.4564056799999996  5.1685822600000000 10.5328579399999995 
    8   6.7428883700000002  6.4867049799999998 14.1866323800000007 
    1   4.4769688399999996  5.1774065199999999  9.5497238000000007 
    1   6.7204076800000001  6.4699004000000002 13.2074988100000006 
    1   5.2702414299999996  5.6339268599999999 10.8330727400000004 
    1   5.9306290199999996  6.0115931099999997 14.4948914599999998 
    8   8.9367145800000003  2.5746853000000001  4.1214477499999997 
    8   6.7435676999999998  1.3074455100000000  0.4636141000000000 
    1   9.7599841900000008  2.1338261599999999  3.7866036099999998 
    1   5.9300809100000000  1.7418960999999999  0.1293237300000000 
    1   8.9632868000000006  3.4986694699999998  3.7860136000000000 
    1   6.7191120700000004  0.3829336000000000  0.1237505700000000 
    8   6.7031910000000003  1.2779623600000001  3.2146347000000000 
    8   8.9731953099999995  2.5985302600000000  6.8735776800000004 
    1   6.7218876999999999  1.2943872999999999  2.2331633300000000 
    1   8.9684179499999992  2.5896181800000000  5.8850237400000003 
    1   7.5165419099999999  1.7533942499999999  3.5075466600000000 
    1   8.1709244600000002  2.1318863900000000  7.1727380700000003 
    8   8.9413361699999996  2.5712634099999998 11.4391592400000004 
    8   6.7427398399999996  1.3054750700000000  7.7718710199999999 
    1   9.7564010900000007  2.1333428500000000 11.0990491999999996 
    1   5.9281448699999997  1.7454258600000001  7.4472991300000002 
    1   8.9679100199999997  3.5003271599999999 11.1078780300000002 
    1   6.7221626299999997  0.3850692400000000  7.4430546099999999 
    8   6.7078715200000003  1.2829026100000001 10.5305343600000008 
    8   8.9835677599999997  2.6020200400000002 14.1878020599999992 
    1   6.7245680400000003  1.2933262400000001  9.5438782500000006 
    1   8.9567851699999999  2.5858290099999999 13.2125717300000005 
    1   7.5136683700000004  1.7534478000000000 10.8323935500000008 
    1   8.1694457699999994  2.1319638200000002 14.4841941799999994 
    8  11.1785460299999997  6.4629664199999999  4.1206580700000002 
    8   8.9769629999999996  5.1958295699999999  0.4592241800000000 
    1  11.9994007800000002  6.0248724600000001  3.7807022699999999 
    1   8.1717251700000002  5.6336255399999997  0.1222253000000000 
    1  11.2066705700000000  7.3837227700000003  3.7799116399999999 
    1   8.9565164799999994  4.2675714300000003  0.1212762700000000 
    8   8.9368991300000005  5.1737994100000000  3.2131879900000002 
    8  11.2194538300000008  6.4843695200000004  6.8619310400000000 
    1   8.9610748000000005  5.1798910800000000  2.2277838700000001 
    1  11.2010534199999992  6.4700903900000002  5.8902644500000001 
    1   9.7491796999999991  5.6329624699999998  3.5054800799999999 
    1  10.4078538599999995  6.0141785600000004  7.1665490900000002 
    8  11.1845408499999994  6.4627352299999998 11.4389378700000002 
    8   8.9850475299999992  5.1887762300000002  7.7794816400000002 
    1  11.9972180200000000  6.0158041000000004 11.1061917799999996 
    1   8.1697838399999991  5.6330119700000001  7.4444256900000001 
    1  11.2074936199999993  7.3849458900000000 11.1053416800000004 
    1   8.9613917399999998  4.2628720600000003  7.4463402900000002 
    8   8.9390147500000001  5.1695221699999996 10.5262494199999992 
    8  11.2231286800000003  6.4850522599999998 14.1880243600000000 
    1   8.9581400599999998  5.1733729799999999  9.5469813000000006 
    1  11.2057434800000006  6.4725278299999998 13.2066322899999999 
    1   9.7554012399999994  5.6383273599999999 10.8289703700000004 
    1  10.4127088299999997  6.0114890000000001 14.4942186500000005 
