 3  1  1 E -0.0E+0 DE 0.0E+0( 1) 
 8.96536240000000006E+00 0.00000000000000000E+00 0.00000000000000000E+00 
 4.47614728695973607E+00 7.76800028506544038E+00 0.00000000000000000E+00 
 0.00000000000000000E+00 0.00000000000000000E+00 1.46387584600000000E+01 
  1 
 1.00000000000000000E+00 0.00000000000000000E+00 0.00000000000000000E+00 
 0.00000000000000000E+00 1.00000000000000000E+00 0.00000000000000000E+00 
 0.00000000000000000E+00 0.00000000000000000E+00 1.00000000000000000E+00 
 0.00000000000000000E+00 0.00000000000000000E+00 0.00000000000000000E+00 
       96 
    8   4.4629754500000001  2.5749586099999999  4.1209557700000001 
    8   2.2620803500000002  1.3023367900000000  0.4603908300000000 
    1   5.2786008200000003  2.1329278100000000  3.7815252400000001 
    1   1.4441540100000001  1.7508943500000000  0.1254222400000000 
    1   4.4830130900000000  3.5041967600000001  3.7806111100000002 
    1   2.2354195899999998  0.3786630300000000  0.1250507300000000 
    8   2.2226882899999998  1.2853983600000001  3.2086295699999998 
    8   4.5030373299999997  2.5967149900000002  6.8693788600000003 
    1   2.2386964200000001  1.2953333199999999  2.2295999700000002 
    1   4.4823140700000002  2.5881273899999999  5.8862935399999996 
    1   3.0296790800000002  1.7518676000000000  3.5094137800000000 
    1   3.6907674199999998  2.1368251599999999  7.1730767999999996 
    8   4.4623655700000002  2.5750397700000001 11.4344923600000001 
    8   2.2582472400000002  1.3035670699999999  7.7836862099999999 
    1   5.2781075599999996  2.1376438200000001 11.1051126500000006 
    1   1.4459028000000000  1.7466919000000001  7.4429241199999998 
    1   4.4858776599999999  3.5085339000000002 11.1066720599999993 
    1   2.2354233699999999  0.3779307200000000  7.4416309299999996 
    8   2.2180555599999998  1.2857160700000001 10.5287132499999991 
    8   4.4981166600000000  2.6005986399999999 14.1878169799999991 
    1   2.2345217900000001  1.3021309400000001  9.5475957900000008 
    1   4.4838582899999997  2.5851269200000000 13.2019184999999997 
    1   3.0338073600000000  1.7474733400000000 10.8259611000000007 
    1   3.6912629699999999  2.1365452899999999 14.4894159800000004 
    8   6.6945025200000003  6.4622087400000003  4.1231909900000003 
    8   4.4962998000000001  5.1912097700000004  0.4617441000000000 
    1   7.5082526600000001  6.0227167499999998  3.7802423900000002 
    1   3.6864141300000002  5.6388875199999999  0.1260254300000000 
    1   6.7193849500000002  7.3860478399999998  3.7847839500000000 
    1   4.4757112399999999  4.2706478900000002  0.1283086500000000 
    8   4.4614776000000003  5.1673407200000003  3.2100290000000000 
    8   6.7379689799999998  6.4861153199999997  6.8620911900000001 
    1   4.4801884500000000  5.1785596500000004  2.2274169700000002 
    1   6.7249129300000003  6.4728724399999997  5.8897858899999997 
    1   5.2657003700000002  5.6363317100000003  3.5081956000000001 
    1   5.9239271200000001  6.0153725099999997  7.1731177199999996 
    8   6.6969493699999996  6.4606768099999998 11.4458466100000003 
    8   4.4941900700000001  5.1925359899999997  7.7774543700000001 
    1   7.5099407999999999  6.0218647599999997 11.1029297600000003 
    1   3.6920949099999998  5.6324289500000004  7.4460425399999997 
    1   6.7195297900000002  7.3884214100000003 11.1012756400000008 
    1   4.4755858699999997  4.2625377999999996  7.4478137300000000 
    8   4.4628577500000004  5.1678373500000001 10.5319193799999997 
    8   6.7424955799999999  6.4837135000000004 14.1915149199999995 
    1   4.4741037300000004  5.1736887400000002  9.5515441899999995 
    1   6.7183955800000001  6.4752876099999996 13.2046621500000008 
    1   5.2727167300000000  5.6431221699999998 10.8288026399999993 
    1   5.9249861800000003  6.0106391400000003 14.4901667199999995 
    8   8.9455139300000006  2.5728376399999999  4.1241079599999999 
    8   6.7348343300000000  1.3088180700000001  0.4629420300000000 
    1   9.7561723600000008  2.1335533500000001  3.7790676900000002 
    1   5.9299922399999998  1.7445443199999999  0.1229474900000000 
    1   8.9668144800000000  3.5039666000000000  3.7790431000000000 
    1   6.7194944500000000  0.3872516900000000  0.1256672900000000 
    8   6.7007962499999998  1.2790849300000000  3.2106462499999999 
    8   8.9829254299999999  2.5960002800000002  6.8694710199999998 
    1   6.7255411499999997  1.2995636600000000  2.2315274299999999 
    1   8.9721625599999992  2.5870441500000001  5.8880227500000002 
    1   7.5181195399999998  1.7553365400000001  3.5118748800000001 
    1   8.1661541700000004  2.1316558799999998  7.1738685599999998 
    8   8.9458218100000000  2.5805951800000000 11.4410545700000004 
    8   6.7446177399999998  1.3040635100000000  7.7797128200000003 
    1   9.7623622900000004  2.1355249900000000 11.1006184500000007 
    1   5.9251345700000000  1.7447598099999999  7.4382181300000001 
    1   8.9644291999999997  3.5073719400000001 11.1105599300000009 
    1   6.7154566300000003  0.3823644900000000  7.4438001600000003 
    8   6.6999990599999997  1.2876038200000000 10.5276701599999996 
    8   8.9782543500000003  2.5985493499999999 14.1893822600000004 
    1   6.7240973799999999  1.2874573000000000  9.5450625599999999 
    1   8.9639074200000000  2.5945617500000000 13.2029758699999995 
    1   7.5113234200000001  1.7543143299999999 10.8286191899999995 
    1   8.1690720999999993  2.1310197400000002 14.4938822999999992 
    8  11.1770975900000007  6.4634186900000001  4.1192454999999999 
    8   8.9751576600000007  5.1916622700000001  0.4633486000000000 
    1  11.9954012399999996  6.0218451799999997  3.7817377099999998 
    1   8.1688708499999994  5.6339983000000000  0.1247031600000000 
    1  11.2039731299999996  7.3873218899999999  3.7865955800000002 
    1   8.9621496900000004  4.2671396499999998  0.1219853800000000 
    8   8.9377359100000007  5.1748909000000003  3.2058258600000000 
    8  11.2185880999999998  6.4911687599999999  6.8784819600000002 
    1   8.9616494200000005  5.1766897399999996  2.2294155800000000 
    1  11.2056192100000001  6.4739445800000004  5.8865643099999998 
    1   9.7547655899999999  5.6378128299999997  3.5055417200000001 
    1  10.4080509800000005  6.0150040400000000  7.1713815500000004 
    8  11.1844584200000003  6.4620249300000001 11.4427341400000007 
    8   8.9790867500000004  5.1879495899999997  7.7804845699999996 
    1  11.9949350399999997  6.0214417700000000 11.1060817699999994 
    1   8.1633614500000000  5.6310630300000000  7.4413679100000003 
    1  11.2066525800000001  7.3824597499999998 11.1045256099999996 
    1   8.9606126800000006  4.2657109799999997  7.4459712700000003 
    8   8.9447618700000007  5.1632029700000004 10.5256070000000008 
    8  11.2242981700000009  6.4892578399999996 14.1859781900000002 
    1   8.9634672399999999  5.1807479699999996  9.5426307500000007 
    1  11.2016908500000003  6.4741762100000004 13.2051077400000008 
    1   9.7521006000000003  5.6345119900000000 10.8346280400000001 
    1  10.4125703299999994  6.0133514500000000 14.4880777300000005 
