 3  1  1 E -0.0E+0 DE 0.0E+0( 1) 
 8.96536240000000006E+00 0.00000000000000000E+00 0.00000000000000000E+00 
 4.47614728695973607E+00 7.76800028506544038E+00 0.00000000000000000E+00 
 0.00000000000000000E+00 0.00000000000000000E+00 1.46387584600000000E+01 
  1 
 1.00000000000000000E+00 0.00000000000000000E+00 0.00000000000000000E+00 
 0.00000000000000000E+00 1.00000000000000000E+00 0.00000000000000000E+00 
 0.00000000000000000E+00 0.00000000000000000E+00 1.00000000000000000E+00 
 0.00000000000000000E+00 0.00000000000000000E+00 0.00000000000000000E+00 
       96 
    8   4.4628785400000002  2.5769381600000001  4.1203450699999999 
    8   2.2565655400000000  1.3040062600000000  0.4618089200000000 
    1   5.2721119700000001  2.1367407500000000  3.7853443000000002 
    1   1.4487198299999999  1.7446324499999999  0.1270300600000000 
    1   4.4825726000000001  3.5033539100000000  3.7820922299999999 
    1   2.2334380899999999  0.3826011300000000  0.1256318300000000 
    8   2.2198274800000002  1.2779198800000000  3.2053506000000000 
    8   4.5011214900000001  2.5981495899999998  6.8709041500000003 
    1   2.2391948600000000  1.2925981300000000  2.2315600899999999 
    1   4.4782653799999999  2.5889900500000000  5.8863949199999999 
    1   3.0309900200000000  1.7528282600000000  3.5098818600000001 
    1   3.6848798700000001  2.1338609700000002  7.1745573199999999 
    8   4.4619227500000003  2.5758017000000000 11.4403936799999997 
    8   2.2615630300000000  1.3005941800000000  7.7875184400000004 
    1   5.2727732400000002  2.1313911999999999 11.1014958099999994 
    1   1.4457706600000000  1.7480986300000001  7.4414599700000004 
    1   4.4855494199999999  3.4996861799999999 11.1034114699999993 
    1   2.2411898799999999  0.3821134100000000  7.4429824699999996 
    8   2.2197687799999999  1.2840771400000000 10.5280214000000001 
    8   4.4969791600000004  2.6014981100000001 14.1923932300000004 
    1   2.2391453399999999  1.2939552000000001  9.5484090100000003 
    1   4.4809905199999998  2.5875803600000000 13.2070614000000006 
    1   3.0269311900000000  1.7533381600000000 10.8281668900000003 
    1   3.6936667600000002  2.1313678299999999 14.4884699000000001 
    8   6.6959639700000002  6.4643501099999998  4.1194712200000003 
    8   4.5007165799999997  5.1892524599999996  0.4685267900000000 
    1   7.5104848500000001  6.0226027999999996  3.7828416499999999 
    1   3.6847039900000000  5.6353015900000001  0.1240909000000000 
    1   6.7201974599999996  7.3889115900000002  3.7808335300000002 
    1   4.4738769100000004  4.2617502399999996  0.1234836600000000 
    8   4.4561764899999998  5.1652529300000003  3.2040707500000001 
    8   6.7421752799999997  6.4825119300000003  6.8708293200000004 
    1   4.4744410099999996  5.1798984600000004  2.2267815700000000 
    1   6.7188340000000002  6.4755544699999996  5.8830100500000002 
    1   5.2704537199999999  5.6392034799999999  3.5109742700000002 
    1   5.9262272400000002  6.0219162400000004  7.1686879799999996 
    8   6.6991355900000000  6.4569045500000000 11.4363834999999998 
    8   4.4960920000000000  5.1906942300000001  7.7781218399999998 
    1   7.5164110800000001  6.0224028699999996 11.1044795599999997 
    1   3.6933208600000000  5.6314078700000003  7.4485838600000003 
    1   6.7255417199999998  7.3881327399999996 11.1041138900000007 
    1   4.4774729100000004  4.2648556700000002  7.4459517699999997 
    8   4.4522008099999999  5.1620555699999997 10.5284217899999994 
    8   6.7421863300000000  6.4868522300000002 14.1899160900000005 
    1   4.4749466499999997  5.1829215399999997  9.5436249600000007 
    1   6.7166789299999996  6.4733734099999998 13.2070692199999993 
    1   5.2665458200000002  5.6407471999999999 10.8267209300000005 
    1   5.9269758799999996  6.0137538199999998 14.4883903000000007 
    8   8.9443691399999992  2.5731433099999999  4.1227141200000004 
    8   6.7400893999999996  1.3041239200000001  0.4612014200000000 
    1   9.7566693799999999  2.1355533200000001  3.7836576399999999 
    1   5.9321695500000002  1.7485641400000000  0.1229605900000000 
    1   8.9706360699999994  3.5038792000000001  3.7817337100000001 
    1   6.7152756499999997  0.3788504800000000  0.1215527000000000 
    8   6.6984995100000004  1.2842278300000001  3.2095027500000000 
    8   8.9845577999999993  2.6004326299999998  6.8700245300000002 
    1   6.7228339400000001  1.2904020100000000  2.2191042400000001 
    1   8.9603466600000008  2.5934748800000000  5.8836575299999998 
    1   7.5089404999999996  1.7511722199999999  3.5162033699999999 
    1   8.1757642700000002  2.1359196200000001  7.1727215900000001 
    8   8.9453127499999994  2.5820989399999998 11.4440031199999996 
    8   6.7380753799999997  1.3069880899999999  7.7806219600000004 
    1   9.7554561999999994  2.1289547899999999 11.1047519399999999 
    1   5.9350646200000003  1.7479090799999999  7.4515073300000001 
    1   8.9671430500000007  3.5026123700000000 11.1073441600000002 
    1   6.7179289799999999  0.3873701300000000  7.4395321799999996 
    8   6.7053705199999998  1.2815353599999999 10.5264689499999999 
    8   8.9834581000000000  2.6037518300000002 14.1895889099999994 
    1   6.7211051599999996  1.2905556700000000  9.5402541299999992 
    1   8.9689165699999993  2.5921405100000001 13.2002901399999999 
    1   7.5175237700000004  1.7534251599999999 10.8319238900000006 
    1   8.1727572599999991  2.1270097500000000 14.4922184699999992 
    8  11.1860054600000005  6.4677541300000003  4.1224973100000000 
    8   8.9795217399999991  5.1858745500000003  0.4632755300000000 
    1  11.9976624399999992  6.0196438800000003  3.7839176299999999 
    1   8.1691438099999996  5.6335768100000001  0.1273226200000000 
    1  11.2049692099999998  7.3879940700000004  3.7788132299999999 
    1   8.9583447199999995  4.2692938399999996  0.1284580200000000 
    8   8.9501774199999993  5.1715126299999996  3.2090497199999999 
    8  11.2195052000000004  6.4841377299999996  6.8659162399999998 
    1   8.9597277500000008  5.1799426200000003  2.2285982299999998 
    1  11.2048236200000009  6.4771044800000004  5.8831282199999997 
    1   9.7485132500000002  5.6386588199999998  3.5148712899999999 
    1  10.4101246799999991  6.0192853599999996  7.1738423800000000 
    8  11.1792308100000000  6.4683025699999996 11.4414906999999992 
    8   8.9820801100000001  5.1858802199999996  7.7889139800000002 
    1  11.9973790900000008  6.0199646600000003 11.1032750799999995 
    1   8.1649508500000003  5.6292826299999996  7.4496981900000003 
    1  11.2025628600000005  7.3866145999999997 11.0995385599999992 
    1   8.9589297299999995  4.2647299399999996  7.4453512999999996 
    8   8.9417718799999992  5.1674967900000004 10.5274190599999997 
    8  11.2161318399999992  6.4818775200000003 14.1890444799999997 
    1   8.9608363299999994  5.1734119200000004  9.5458816199999994 
    1  11.2039494800000003  6.4727117200000004 13.2051929999999995 
    1   9.7561735800000005  5.6339015600000000 10.8326673899999992 
    1  10.4043636999999993  6.0151655300000000 14.4921615100000007 
