 3  1  1 E -0.0E+0 DE 0.0E+0( 1) 
 8.96536240000000006E+00 0.00000000000000000E+00 0.00000000000000000E+00 
 4.47614728695973607E+00 7.76800028506544038E+00 0.00000000000000000E+00 
 0.00000000000000000E+00 0.00000000000000000E+00 1.46387584600000000E+01 
  1 
 1.00000000000000000E+00 0.00000000000000000E+00 0.00000000000000000E+00 
 0.00000000000000000E+00 1.00000000000000000E+00 0.00000000000000000E+00 
 0.00000000000000000E+00 0.00000000000000000E+00 1.00000000000000000E+00 
 0.00000000000000000E+00 0.00000000000000000E+00 0.00000000000000000E+00 
       96 
    8   4.4598627100000003  2.5788100599999999  4.1243410500000000 
    8   2.2580688800000002  1.3043554300000000  0.4632386400000000 
    1   5.2716836100000002  2.1379934000000000  3.7815359200000001 
    1   1.4543211500000000  1.7452968000000000  0.1225747100000000 
    1   4.4862639000000000  3.5049018799999998  3.7834656099999999 
    1   2.2371135099999999  0.3823948200000000  0.1249634500000000 
    8   2.2271348000000000  1.2821336699999999  3.2107640900000001 
    8   4.4969659699999998  2.5972522800000002  6.8716883600000003 
    1   2.2429339200000000  1.2947372399999999  2.2252357900000002 
    1   4.4811971699999997  2.5833867599999998  5.8879957100000002 
    1   3.0309283699999998  1.7585616200000000  3.5081569799999999 
    1   3.6865510800000001  2.1337026099999998  7.1711429200000003 
    8   4.4613012300000001  2.5802373699999999 11.4412844899999993 
    8   2.2581638399999999  1.3052220299999999  7.7820137300000001 
    1   5.2723277299999998  2.1344484100000001 11.1031307699999999 
    1   1.4468264000000000  1.7465167399999999  7.4445131800000004 
    1   4.4812324500000003  3.5020917599999999 11.1092284200000009 
    1   2.2343430199999998  0.3847937700000000  7.4413970699999998 
    8   2.2268082699999998  1.2898497700000000 10.5230265000000003 
    8   4.5009128100000000  2.6047259700000001 14.1941609599999996 
    1   2.2360870700000000  1.2962029700000000  9.5439997800000000 
    1   4.4814849600000004  2.5901789399999999 13.2083352200000004 
    1   3.0287771399999999  1.7477196399999999 10.8316177600000003 
    1   3.6909247299999999  2.1328367199999998 14.4886224000000006 
    8   6.6990688699999996  6.4618231599999998  4.1245443100000001 
    8   4.4912661299999996  5.1879172899999997  0.4655305100000000 
    1   7.5133034399999996  6.0218948100000000  3.7908121700000001 
    1   3.6881174099999998  5.6296037400000003  0.1255706100000000 
    1   6.7184933999999998  7.3868992200000001  3.7829891800000000 
    1   4.4753823800000001  4.2652202600000004  0.1253135800000000 
    8   4.4562253600000004  5.1658662000000000  3.2115944900000000 
    8   6.7352165900000003  6.4801722100000001  6.8701035299999997 
    1   4.4789025799999997  5.1796776299999996  2.2315020799999998 
    1   6.7154531400000002  6.4792471000000003  5.8793520099999999 
    1   5.2659166300000004  5.6373382200000002  3.5101791100000002 
    1   5.9246355900000003  6.0160771600000000  7.1676820899999996 
    8   6.7011560799999996  6.4606245199999996 11.4432656700000006 
    8   4.4937585400000000  5.1921156599999998  7.7797494299999999 
    1   7.5135066799999999  6.0220430599999997 11.1011073899999992 
    1   3.6840029500000000  5.6329746500000004  7.4467134699999997 
    1   6.7285105800000000  7.3843446899999998 11.0959522100000001 
    1   4.4741468700000002  4.2658567900000000  7.4406006600000003 
    8   4.4563863100000001  5.1654262299999996 10.5269523199999995 
    8   6.7389986300000002  6.4856024100000003 14.1857613199999992 
    1   4.4766125199999998  5.1825889600000004  9.5432111899999992 
    1   6.7230433500000002  6.4708610100000001 13.2013382600000000 
    1   5.2734829100000002  5.6339433899999998 10.8227450100000002 
    1   5.9310217800000000  6.0175417199999996 14.4821761700000007 
    8   8.9456376199999994  2.5796587099999999  4.1235075900000000 
    8   6.7448099199999998  1.3023412200000000  0.4593795600000000 
    1   9.7509201500000007  2.1399416100000002  3.7815891499999998 
    1   5.9232024699999997  1.7411369299999999  0.1217113700000000 
    1   8.9657185300000002  3.5056539600000001  3.7844675799999998 
    1   6.7177043599999999  0.3859979500000000  0.1216609900000000 
    8   6.7036906500000004  1.2789360200000000  3.2110622000000002 
    8   8.9827199499999999  2.6029126400000000  6.8694536700000004 
    1   6.7248863900000000  1.3012638200000000  2.2257859700000000 
    1   8.9652671999999995  2.5916132400000000  5.8788429999999998 
    1   7.5100396199999997  1.7497688700000000  3.5099306000000001 
    1   8.1713602000000005  2.1272339499999999  7.1710095000000003 
    8   8.9434379899999996  2.5768004100000002 11.4413435799999998 
    8   6.7438668799999997  1.3035429199999999  7.7872941700000000 
    1   9.7534552500000000  2.1376249500000002 11.1036853099999995 
    1   5.9325443499999997  1.7450046900000000  7.4429518999999997 
    1   8.9700184499999995  3.4997265099999999 11.0982409200000003 
    1   6.7200451399999999  0.3774943400000000  7.4413109899999998 
    8   6.7028053099999996  1.2822058800000000 10.5359664599999991 
    8   8.9792052299999998  2.5967308000000000 14.1917748800000005 
    1   6.7180842800000002  1.2943088199999999  9.5482964799999994 
    1   8.9630188099999994  2.5862700500000000 13.2043245000000002 
    1   7.5163067899999998  1.7506440100000000 10.8287723699999994 
    1   8.1704830899999994  2.1313030099999999 14.4903736900000002 
    8  11.1851528400000007  6.4590307800000000  4.1103370999999997 
    8   8.9803311800000003  5.1905594800000001  0.4673664700000000 
    1  11.9936454099999992  6.0211381099999999  3.7817490600000001 
    1   8.1689730100000002  5.6298397600000003  0.1224087300000000 
    1  11.2104693900000001  7.3910342699999996  3.7807438499999999 
    1   8.9638163100000003  4.2694404800000001  0.1270230900000000 
    8   8.9370045600000001  5.1684397600000000  3.2102855400000001 
    8  11.2193383200000003  6.4849804000000004  6.8636179700000000 
    1   8.9598340000000007  5.1800820099999996  2.2238368099999999 
    1  11.2008299000000004  6.4752266499999998  5.8923383500000002 
    1   9.7537336700000008  5.6333276200000002  3.5064852200000001 
    1  10.4093015700000002  6.0167918199999999  7.1675895599999997 
    8  11.1821799599999991  6.4634639500000004 11.4427976200000003 
    8   8.9795885299999991  5.1931852999999997  7.7825781200000002 
    1  11.9957267800000000  6.0185444700000001 11.0987219499999998 
    1   8.1661685300000002  5.6388970599999997  7.4425178499999998 
    1  11.2071306699999997  7.3858325300000001 11.1010656099999991 
    1   8.9507050300000000  4.2711060700000001  7.4416165799999998 
    8   8.9413686699999992  5.1618195699999996 10.5299891900000002 
    8  11.2192604500000002  6.4776634700000004 14.1876657700000006 
    1   8.9634246199999996  5.1751182900000003  9.5441818600000001 
    1  11.2040248899999995  6.4731481200000003 13.2050647600000008 
    1   9.7539698099999992  5.6363709399999999 10.8315844099999996 
    1  10.4131952499999993  6.0200953100000003 14.4879685299999998 
