 3  1  1 E -0.0E+0 DE 0.0E+0( 1) 
 8.96536240000000006E+00 0.00000000000000000E+00 0.00000000000000000E+00 
 4.47614728695973607E+00 7.76800028506544038E+00 0.00000000000000000E+00 
 0.00000000000000000E+00 0.00000000000000000E+00 1.46387584600000000E+01 
  1 
 1.00000000000000000E+00 0.00000000000000000E+00 0.00000000000000000E+00 
 0.00000000000000000E+00 1.00000000000000000E+00 0.00000000000000000E+00 
 0.00000000000000000E+00 0.00000000000000000E+00 1.00000000000000000E+00 
 0.00000000000000000E+00 0.00000000000000000E+00 0.00000000000000000E+00 
       96 
    8   4.4646818100000001  2.5767359299999999  4.1205732800000003 
    8   2.2538591600000002  1.3021044100000001  0.4657123300000000 
    1   5.2764318499999998  2.1393672900000000  3.7825115899999999 
    1   1.4470521199999999  1.7527989900000001  0.1220381500000000 
    1   4.4793522100000001  3.4967176900000001  3.7854098999999999 
    1   2.2383419999999998  0.3790296100000000  0.1251487900000000 
    8   2.2251064199999999  1.2853817999999999  3.2058782400000001 
    8   4.4970986899999996  2.6031205499999999  6.8688066599999997 
    1   2.2408708000000002  1.2886240400000000  2.2240694599999999 
    1   4.4755991100000001  2.5905097000000001  5.8851933799999996 
    1   3.0295062100000001  1.7564803899999999  3.5089258200000000 
    1   3.6825028000000000  2.1272659100000002  7.1726799899999998 
    8   4.4606816499999997  2.5799103699999999 11.4452078499999992 
    8   2.2583082800000001  1.3058614300000000  7.7822298099999996 
    1   5.2719766300000002  2.1346731000000001 11.1001508999999992 
    1   1.4458795700000000  1.7491687700000000  7.4431516999999996 
    1   4.4883247900000001  3.5015333300000000 11.0999350200000002 
    1   2.2389031500000001  0.3778628600000000  7.4338604699999999 
    8   2.2201070100000000  1.2800709299999999 10.5265466199999995 
    8   4.5000555200000001  2.6043180100000001 14.1849593600000006 
    1   2.2393938499999999  1.2934040800000000  9.5421459899999999 
    1   4.4737242400000001  2.5867622799999999 13.2076576699999997 
    1   3.0239225200000002  1.7574335100000000 10.8296858199999999 
    1   3.6880708800000002  2.1347289599999999 14.4883684400000003 
    8   6.6977953200000000  6.4658727100000002  4.1201801800000002 
    8   4.4979685500000004  5.1915046399999998  0.4678482800000000 
    1   7.5063555500000003  6.0109800299999998  3.7872926800000002 
    1   3.6854126599999999  5.6348008700000003  0.1246417300000000 
    1   6.7191939800000000  7.3909909899999997  3.7874304599999999 
    1   4.4778867599999996  4.2696357799999998  0.1264958300000000 
    8   4.4564665699999999  5.1611637400000001  3.2180330200000000 
    8   6.7387538200000003  6.4865298700000000  6.8618605800000001 
    1   4.4782865599999999  5.1729825800000002  2.2282735400000000 
    1   6.7143461499999999  6.4700064399999997  5.8813652799999998 
    1   5.2691625200000001  5.6310461900000002  3.5150514500000001 
    1   5.9251503300000001  6.0169715200000002  7.1665422999999997 
    8   6.6937788500000002  6.4627885599999999 11.4434840900000001 
    8   4.4964437999999998  5.1887638799999998  7.7846087700000002 
    1   7.5120965699999998  6.0187574799999997 11.1025383200000007 
    1   3.6841162700000001  5.6359842999999996  7.4406283000000002 
    1   6.7243777099999997  7.3845998499999999 11.0975574500000000 
    1   4.4776848999999999  4.2625164399999997  7.4417992599999998 
    8   4.4521647000000000  5.1675344100000000 10.5282075800000001 
    8   6.7337505400000000  6.4872739499999996 14.1851766999999995 
    1   4.4780144599999998  5.1742271700000000  9.5442802199999992 
    1   6.7197174100000003  6.4754821600000003 13.2009398400000002 
    1   5.2702892099999996  5.6300583800000004 10.8285473999999997 
    1   5.9268383499999997  6.0137052300000002 14.4905123899999992 
    8   8.9422413200000008  2.5796053600000000  4.1227090400000002 
    8   6.7418665799999999  1.3068269600000000  0.4648237500000000 
    1   9.7593124200000005  2.1339689300000000  3.7783642000000000 
    1   5.9348807800000003  1.7429669299999999  0.1239537200000000 
    1   8.9675885900000001  3.5008153200000001  3.7807453700000000 
    1   6.7209296099999998  0.3819985400000000  0.1299554600000000 
    8   6.6983284100000002  1.2830217100000001  3.2079245300000001 
    8   8.9845402500000002  2.6048468599999999  6.8665430100000000 
    1   6.7173712800000001  1.2946007600000000  2.2270702400000002 
    1   8.9654935099999999  2.5873669200000000  5.8870393300000003 
    1   7.5123094999999998  1.7514793900000001  3.5067729800000000 
    1   8.1739241400000004  2.1302616900000002  7.1763418400000001 
    8   8.9427230400000006  2.5779282600000002 11.4393641200000005 
    8   6.7388491500000001  1.3097190299999999  7.7804770300000001 
    1   9.7513911600000007  2.1374561900000000 11.1020593200000004 
    1   5.9334880600000002  1.7520568599999999  7.4407510800000001 
    1   8.9689031299999993  3.5005514799999999 11.1016778699999996 
    1   6.7130421100000000  0.3806485100000000  7.4437408600000001 
    8   6.7044604300000001  1.2863886600000001 10.5338846400000001 
    8   8.9822614400000003  2.6026882300000000 14.1889061900000009 
    1   6.7237473500000000  1.2946289600000001  9.5452724300000007 
    1   8.9574062500000000  2.5921758399999999 13.2081551400000006 
    1   7.5151029500000002  1.7518534400000001 10.8305616400000009 
    1   8.1725126400000008  2.1293223000000001 14.4855031899999993 
    8  11.1829642200000006  6.4527590799999999  4.1278344799999998 
    8   8.9838281400000000  5.1886800099999997  0.4611928400000000 
    1  11.9906388300000000  6.0194287700000002  3.7828364500000000 
    1   8.1682816299999992  5.6361962700000001  0.1186921400000000 
    1  11.2052674299999993  7.3837082299999999  3.7855602899999998 
    1   8.9582081900000006  4.2634063800000002  0.1218838300000000 
    8   8.9356502399999993  5.1707285100000000  3.2101829300000002 
    8  11.2219969699999993  6.4875677999999999  6.8688646899999997 
    1   8.9647778000000002  5.1786121200000004  2.2251800700000000 
    1  11.2015217899999993  6.4738040200000002  5.8866505099999999 
    1   9.7545269999999995  5.6319392500000003  3.5116950299999998 
    1  10.4035047499999997  6.0103081400000002  7.1725230199999999 
    8  11.1805197300000003  6.4609240799999998 11.4375777200000002 
    8   8.9747807200000000  5.1917419999999996  7.7817292499999997 
    1  11.9968694899999999  6.0189166800000002 11.1071636199999997 
    1   8.1681877000000007  5.6318604199999998  7.4375441599999998 
    1  11.2042070000000002  7.3834837400000000 11.1028400999999999 
    1   8.9556135399999999  4.2635494700000001  7.4460854300000001 
    8   8.9403536599999995  5.1645048800000000 10.5264165700000003 
    8  11.2186144599999995  6.4784931400000003 14.1944182399999992 
    1   8.9588314899999997  5.1768894000000003  9.5486877999999997 
    1  11.1999759599999997  6.4717621999999997 13.2073298300000008 
    1   9.7548057700000008  5.6312441900000003 10.8269904599999993 
    1  10.4097319299999995  6.0085376000000004 14.4882570899999994 
