 3  1  1 E -0.0E+0 DE 0.0E+0( 1) 
 8.96536240000000006E+00 0.00000000000000000E+00 0.00000000000000000E+00 
 4.47614728695973607E+00 7.76800028506544038E+00 0.00000000000000000E+00 
 0.00000000000000000E+00 0.00000000000000000E+00 1.46387584600000000E+01 
  1 
 1.00000000000000000E+00 0.00000000000000000E+00 0.00000000000000000E+00 
 0.00000000000000000E+00 1.00000000000000000E+00 0.00000000000000000E+00 
 0.00000000000000000E+00 0.00000000000000000E+00 1.00000000000000000E+00 
 0.00000000000000000E+00 0.00000000000000000E+00 0.00000000000000000E+00 
       96 
    8   4.4656659500000000  2.5773991600000001  4.1233315700000004 
    8   2.2571692699999999  1.3021374600000000  0.4632627000000000 
    1   5.2749957099999998  2.1375295799999998  3.7803089499999998 
    1   1.4471421099999999  1.7466624900000001  0.1266370700000000 
    1   4.4853316100000002  3.5062941599999999  3.7899019400000000 
    1   2.2403124900000000  0.3812497600000000  0.1256271900000000 
    8   2.2187609899999998  1.2835281400000000  3.2108904100000002 
    8   4.5036653900000001  2.6048367699999999  6.8694904799999996 
    1   2.2417056199999998  1.2957783000000000  2.2269716900000001 
    1   4.4820448300000004  2.5894921200000001  5.8860076699999997 
    1   3.0327011900000000  1.7512116600000001  3.5124296600000000 
    1   3.6912108400000001  2.1265496000000002  7.1684263000000001 
    8   4.4600740999999999  2.5776084199999998 11.4402659700000005 
    8   2.2525926400000000  1.3037650199999999  7.7820768200000003 
    1   5.2735620399999998  2.1351237599999999 11.0968297899999992 
    1   1.4494547000000000  1.7481537000000000  7.4444758899999997 
    1   4.4807200800000002  3.5057935400000000 11.1009103899999992 
    1   2.2349202600000000  0.3804122200000000  7.4384299800000004 
    8   2.2166611100000000  1.2820442599999999 10.5269165000000005 
    8   4.5008213200000000  2.6037353500000000 14.1885969700000008 
    1   2.2454677200000002  1.2953704900000000  9.5451203000000007 
    1   4.4867635200000002  2.5883504500000001 13.2038977600000003 
    1   3.0277215599999998  1.7547383999999999 10.8317394000000000 
    1   3.6867747400000002  2.1331655000000000 14.4922610800000005 
    8   6.6990903599999996  6.4663985400000001  4.1209759999999998 
    8   4.4981803500000002  5.1913387699999998  0.4608720600000000 
    1   7.5053825200000004  6.0224040600000004  3.7848114000000002 
    1   3.6844133600000002  5.6303919599999999  0.1277585200000000 
    1   6.7190617399999999  7.3850521499999999  3.7801526399999998 
    1   4.4761625499999997  4.2673182599999997  0.1257893300000000 
    8   4.4568206500000001  5.1684093899999999  3.2118812800000001 
    8   6.7377140100000004  6.4958307700000004  6.8699729100000004 
    1   4.4787058399999999  5.1782237499999999  2.2255187500000000 
    1   6.7086449400000001  6.4776075200000003  5.8863664699999996 
    1   5.2687157100000004  5.6425398900000001  3.5083549700000001 
    1   5.9254973900000003  6.0153671900000001  7.1741908199999997 
    8   6.7015291399999999  6.4665545699999996 11.4426013799999993 
    8   4.5020894499999997  5.1957993399999998  7.7850169300000003 
    1   7.5127476499999997  6.0228967999999998 11.0984246800000008 
    1   3.6824176099999999  5.6331187900000002  7.4468135100000001 
    1   6.7286156999999998  7.3858468500000001 11.1026101799999992 
    1   4.4716386699999999  4.2685610699999996  7.4524221500000003 
    8   4.4583319799999996  5.1600704799999999 10.5249997900000007 
    8   6.7388964199999997  6.4822996399999999 14.1845576799999993 
    1   4.4785140200000004  5.1723833099999998  9.5425340100000007 
    1   6.7165683200000004  6.4689894399999996 13.2085730899999998 
    1   5.2692107400000001  5.6382052800000002 10.8288936200000006 
    1   5.9279077999999998  6.0205836399999999 14.4899779599999992 
    8   8.9461642599999998  2.5795387200000000  4.1188690000000001 
    8   6.7451766299999996  1.3032481000000000  0.4682738600000000 
    1   9.7516348599999993  2.1388573399999999  3.7888109600000002 
    1   5.9281138699999998  1.7479167200000001  0.1142933600000000 
    1   8.9653715599999995  3.5009938300000001  3.7866701100000002 
    1   6.7237423800000000  0.3934993200000000  0.1269337300000000 
    8   6.6962337800000000  1.2853450399999999  3.2124739899999999 
    8   8.9861092800000009  2.6053762900000002  6.8681011200000004 
    1   6.7251189099999999  1.2986855300000000  2.2256266800000000 
    1   8.9696525699999992  2.5923368099999999  5.8884916900000004 
    1   7.5129035499999999  1.7529639500000000  3.5074972199999999 
    1   8.1684140000000003  2.1318735800000002  7.1735184500000004 
    8   8.9437075000000004  2.5812193300000001 11.4421860500000001 
    8   6.7411924699999997  1.3087115700000000  7.7839178100000002 
    1   9.7566335700000000  2.1329551000000002 11.1003745699999996 
    1   5.9350114400000002  1.7509336400000000  7.4413958700000000 
    1   8.9707691199999999  3.5038147700000000 11.1038316600000009 
    1   6.7213245800000001  0.3805981700000000  7.4452873600000000 
    8   6.7007596300000003  1.2829842400000000 10.5286240400000004 
    8   8.9838523800000001  2.5982985799999998 14.1871381999999997 
    1   6.7207661600000002  1.2970955200000001  9.5424000200000005 
    1   8.9665369599999991  2.5922446500000000 13.2097119500000009 
    1   7.5192482700000003  1.7544487200000001 10.8317465899999998 
    1   8.1705434700000001  2.1309357100000001 14.4855686000000006 
    8  11.1828840899999999  6.4646002700000000  4.1265051300000000 
    8   8.9739530599999995  5.1822818499999999  0.4663370600000000 
    1  11.9978591399999992  6.0248105699999996  3.7837088400000001 
    1   8.1701859500000005  5.6298050799999997  0.1199087300000000 
    1  11.1984341000000001  7.3884711899999997  3.7832071599999999 
    1   8.9580783600000000  4.2587636199999999  0.1331995800000000 
    8   8.9432597200000004  5.1663432000000000  3.2099044900000000 
    8  11.2198935599999992  6.4841676000000001  6.8726038100000002 
    1   8.9658700699999994  5.1833277799999999  2.2238135400000001 
    1  11.2056649099999994  6.4753988600000003  5.8835504500000004 
    1   9.7499819199999997  5.6292320800000004  3.5103069800000002 
    1  10.4122541200000001  6.0103172599999999  7.1721379399999998 
    8  11.1783728500000006  6.4593126700000001 11.4441784900000005 
    8   8.9795841500000009  5.1915945399999996  7.7734167999999997 
    1  11.9937615599999994  6.0190288599999997 11.1069121099999997 
    1   8.1660792900000008  5.6296033000000003  7.4432238699999997 
    1  11.2018322599999998  7.3814458700000003 11.1092710700000001 
    1   8.9562331000000004  4.2681565800000003  7.4429758899999996 
    8   8.9413857399999994  5.1695803600000003 10.5272559399999999 
    8  11.2198916400000002  6.4883385799999997 14.1868624899999993 
    1   8.9556962999999996  5.1797786800000001  9.5529261499999993 
    1  11.2048281599999999  6.4734360000000004 13.2037609699999994 
    1   9.7559251600000003  5.6410426500000002 10.8265916099999995 
    1  10.4171295100000005  6.0142633200000004 14.4970565100000002 
