 3  1  1 E -0.0E+0 DE 0.0E+0( 1) 
 8.96536240000000006E+00 0.00000000000000000E+00 0.00000000000000000E+00 
 4.47614728695973607E+00 7.76800028506544038E+00 0.00000000000000000E+00 
 0.00000000000000000E+00 0.00000000000000000E+00 1.46387584600000000E+01 
  1 
 1.00000000000000000E+00 0.00000000000000000E+00 0.00000000000000000E+00 
 0.00000000000000000E+00 1.00000000000000000E+00 0.00000000000000000E+00 
 0.00000000000000000E+00 0.00000000000000000E+00 1.00000000000000000E+00 
 0.00000000000000000E+00 0.00000000000000000E+00 0.00000000000000000E+00 
       96 
    8   4.4609342500000002  2.5776626199999999  4.1257407700000002 
    8   2.2560838599999999  1.3004318600000000  0.4599089000000000 
    1   5.2721577200000000  2.1380733699999999  3.7749112999999999 
    1   1.4440862600000000  1.7445025199999999  0.1289190700000000 
    1   4.4839111000000003  3.4983101300000001  3.7891309999999998 
    1   2.2389662700000001  0.3786718800000000  0.1229630600000000 
    8   2.2180496299999999  1.2857293800000000  3.2145534699999998 
    8   4.4972600299999996  2.5979562399999998  6.8717155700000001 
    1   2.2352822699999999  1.2935471700000001  2.2256057999999999 
    1   4.4780150799999996  2.5960594100000001  5.8809996599999996 
    1   3.0393252999999998  1.7526511600000001  3.5112353000000001 
    1   3.6926066899999999  2.1376836199999998  7.1654457999999996 
    8   4.4627151899999999  2.5825671799999999 11.4432711400000002 
    8   2.2638130200000002  1.3045314400000001  7.7789309099999997 
    1   5.2763810700000002  2.1379994199999999 11.1036899400000006 
    1   1.4480592000000001  1.7473882100000000  7.4383583399999997 
    1   4.4825872100000002  3.5034019800000000 11.1006212499999997 
    1   2.2319890899999999  0.3859970300000000  7.4501524899999998 
    8   2.2249187099999999  1.2794329099999999 10.5323259700000005 
    8   4.4964892900000004  2.5937200599999999 14.1894467399999993 
    1   2.2426834400000000  1.2940260500000000  9.5414582600000006 
    1   4.4826353200000000  2.5899942100000000 13.2060771500000005 
    1   3.0354444599999999  1.7580311200000001 10.8315564700000007 
    1   3.6886076499999998  2.1356418900000000 14.4952671199999994 
    8   6.6923452799999996  6.4628333299999996  4.1227487800000002 
    8   4.4983709599999999  5.1960207499999997  0.4618620800000000 
    1   7.5100487200000003  6.0158639100000002  3.7838256100000001 
    1   3.6847150599999998  5.6301337199999999  0.1280111500000000 
    1   6.7202753900000003  7.3865011799999998  3.7851142499999999 
    1   4.4760677199999996  4.2665916399999997  0.1242765100000000 
    8   4.4603648299999996  5.1676286500000002  3.2103212600000002 
    8   6.7404260499999999  6.4874029799999997  6.8678003900000002 
    1   4.4807059000000002  5.1760474399999996  2.2327343499999999 
    1   6.7214111699999997  6.4728343900000000  5.8868159599999998 
    1   5.2683311200000000  5.6372502400000002  3.5117014000000002 
    1   5.9212497400000004  6.0159332499999998  7.1706005800000003 
    8   6.7038872200000004  6.4603207800000000 11.4356764900000005 
    8   4.5026235500000000  5.1883695100000002  7.7783904499999998 
    1   7.5066896900000000  6.0226635999999996 11.1040849700000006 
    1   3.6947437999999999  5.6323064399999998  7.4439123800000004 
    1   6.7259721600000004  7.3899760299999997 11.1024643300000001 
    1   4.4730754900000003  4.2596638300000000  7.4424858299999999 
    8   4.4591914600000004  5.1681379400000003 10.5305838600000001 
    8   6.7364350499999999  6.4874732599999998 14.1875962700000002 
    1   4.4818448599999998  5.1800612199999998  9.5457724099999997 
    1   6.7176701100000002  6.4736965199999998 13.2058521899999999 
    1   5.2756345600000003  5.6324482700000003 10.8277741600000006 
    1   5.9298459699999997  6.0178118100000004 14.4929128499999997 
    8   8.9445092200000005  2.5813815099999999  4.1282722400000003 
    8   6.7430698600000003  1.3096992700000001  0.4606578900000000 
    1   9.7528729700000003  2.1360641100000000  3.7838879200000002 
    1   5.9272721500000003  1.7498827900000000  0.1193800700000000 
    1   8.9662613100000002  3.5033896900000001  3.7820566300000000 
    1   6.7172679600000000  0.3789661600000000  0.1233718000000000 
    8   6.7068898800000003  1.2825367200000000  3.2056600799999999 
    8   8.9813363899999992  2.5949973000000002  6.8685849599999997 
    1   6.7232003899999997  1.3007574799999999  2.2234291700000002 
    1   8.9653742300000001  2.5912364499999998  5.8901415799999999 
    1   7.5123949300000001  1.7550149799999999  3.5120206700000001 
    1   8.1698234099999993  2.1304538900000001  7.1749975299999997 
    8   8.9435324699999992  2.5745151599999998 11.4406415399999997 
    8   6.7379253300000004  1.3120139200000001  7.7801641899999998 
    1   9.7577435700000006  2.1387890299999999 11.1010776300000007 
    1   5.9303986899999996  1.7451230499999999  7.4402856899999996 
    1   8.9676813899999992  3.5002919700000001 11.1050040899999996 
    1   6.7196221899999999  0.3836331000000000  7.4447082499999997 
    8   6.7075847800000004  1.2832842200000001 10.5269534000000000 
    8   8.9767949500000004  2.5994926100000000 14.1907773299999995 
    1   6.7260852499999997  1.2917625100000001  9.5407226099999995 
    1   8.9629292100000004  2.5874265200000002 13.2062544099999997 
    1   7.5152748400000000  1.7534719200000000 10.8326180099999991 
    1   8.1717951400000004  2.1298598100000001 14.4911924899999995 
    8  11.1813620199999999  6.4657174499999996  4.1293641699999997 
    8   8.9821051300000008  5.1908354100000000  0.4631908500000000 
    1  11.9977031499999995  6.0170696299999999  3.7842705099999998 
    1   8.1666516500000004  5.6298443000000002  0.1244957600000000 
    1  11.2021794499999992  7.3890634999999998  3.7771691700000001 
    1   8.9588762699999993  4.2650000600000002  0.1270833000000000 
    8   8.9392002799999997  5.1676788599999997  3.2079940300000001 
    8  11.2222511699999998  6.4840840300000000  6.8633593599999996 
    1   8.9630291100000008  5.1775239900000001  2.2254862599999998 
    1  11.2049836799999998  6.4718268600000002  5.8878972899999997 
    1   9.7535414399999993  5.6358087799999996  3.5075570400000000 
    1  10.4058384999999998  6.0200006400000001  7.1706323999999997 
    8  11.1827039799999994  6.4658678299999996 11.4433114800000002 
    8   8.9809158999999994  5.1861487700000000  7.7811177400000000 
    1  11.9969220399999994  6.0156689500000002 11.1014098899999993 
    1   8.1699022800000005  5.6304651799999998  7.4445983299999998 
    1  11.2084803100000006  7.3800915199999997 11.0984827399999997 
    1   8.9586261300000007  4.2599134899999997  7.4433844300000001 
    8   8.9365637099999997  5.1710221599999997 10.5247717200000004 
    8  11.2201510700000000  6.4808374700000000 14.1910353100000002 
    1   8.9614177999999995  5.1762276099999998  9.5439834999999995 
    1  11.2068256599999998  6.4743519100000002 13.2142085900000001 
    1   9.7559660800000003  5.6373981500000001 10.8325657500000005 
    1  10.4076325399999998  6.0206979000000000 14.4919904600000002 
