 3  1  1 E -0.0E+0 DE 0.0E+0( 1) 
 8.96536240000000006E+00 0.00000000000000000E+00 0.00000000000000000E+00 
 4.47614728695973607E+00 7.76800028506544038E+00 0.00000000000000000E+00 
 0.00000000000000000E+00 0.00000000000000000E+00 1.46387584600000000E+01 
  1 
 1.00000000000000000E+00 0.00000000000000000E+00 0.00000000000000000E+00 
 0.00000000000000000E+00 1.00000000000000000E+00 0.00000000000000000E+00 
 0.00000000000000000E+00 0.00000000000000000E+00 1.00000000000000000E+00 
 0.00000000000000000E+00 0.00000000000000000E+00 0.00000000000000000E+00 
       96 
    8   4.4624843299999997  2.5794361700000001  4.1240690799999999 
    8   2.2575310200000001  1.2996278600000000  0.4654924300000000 
    1   5.2778616600000001  2.1338915599999999  3.7891268700000000 
    1   1.4482821299999999  1.7453529800000001  0.1227748100000000 
    1   4.4816442900000002  3.5003232500000001  3.7787018300000002 
    1   2.2309349400000000  0.3825505400000000  0.1235552700000000 
    8   2.2194674700000001  1.2839691000000000  3.2058818900000001 
    8   4.4977947299999999  2.6032235199999998  6.8672447600000002 
    1   2.2421997800000000  1.2956942100000000  2.2261448900000000 
    1   4.4849820700000000  2.5929822900000001  5.8844127300000002 
    1   3.0338430299999999  1.7521063900000000  3.5075131700000002 
    1   3.6898813900000000  2.1260492100000001  7.1678770299999996 
    8   4.4632128800000004  2.5833315099999998 11.4395132000000004 
    8   2.2531375699999998  1.3045063100000001  7.7823477900000002 
    1   5.2715120300000002  2.1378361300000002 11.0990929299999994 
    1   1.4447477399999999  1.7441849500000000  7.4453792099999996 
    1   4.4865447800000000  3.5082191500000000 11.1029301500000006 
    1   2.2358756999999998  0.3821649100000000  7.4417143000000001 
    8   2.2238200300000002  1.2841357600000001 10.5279172800000005 
    8   4.5005984899999998  2.5972428700000001 14.1876060400000004 
    1   2.2421716300000001  1.2932461000000000  9.5477189800000009 
    1   4.4874346799999998  2.5909196099999998 13.2042017099999995 
    1   3.0354736299999998  1.7510573500000000 10.8308860100000004 
    1   3.6925629899999999  2.1349136199999998 14.4866968899999993 
    8   6.7008323699999996  6.4645791399999997  4.1198277200000000 
    8   4.4998598599999999  5.1894929500000000  0.4606818000000000 
    1   7.5083377599999999  6.0198415199999999  3.7831094599999999 
    1   3.6854747400000001  5.6309077399999996  0.1172028300000000 
    1   6.7223457199999999  7.3867025699999997  3.7823179100000002 
    1   4.4717879800000002  4.2706158399999996  0.1242606600000000 
    8   4.4594012100000002  5.1678144499999998  3.2157453500000002 
    8   6.7369850900000001  6.4846544399999999  6.8698958599999997 
    1   4.4810644300000000  5.1812894399999996  2.2245659099999999 
    1   6.7198762299999997  6.4762684000000004  5.8841472699999997 
    1   5.2723962400000000  5.6329834400000003  3.5149439400000002 
    1   5.9273221700000001  6.0120782699999999  7.1717611799999998 
    8   6.7005258999999997  6.4592529000000001 11.4411121799999993 
    8   4.4994699599999999  5.1911972999999998  7.7836675199999998 
    1   7.5092874099999998  6.0204270400000004 11.1069857299999999 
    1   3.6825833299999999  5.6374148799999997  7.4396767700000002 
    1   6.7153027300000003  7.3908384399999996 11.0991438299999992 
    1   4.4758299600000004  4.2612924000000003  7.4420433399999997 
    8   4.4564268100000000  5.1672234100000001 10.5282875899999997 
    8   6.7379437900000001  6.4857823899999998 14.1912592400000008 
    1   4.4805352599999999  5.1756470600000002  9.5425519399999992 
    1   6.7199320699999996  6.4758316899999997 13.2072760299999992 
    1   5.2742021200000000  5.6420215000000002 10.8301517599999997 
    1   5.9295092399999998  6.0142429599999998 14.4903444799999992 
    8   8.9498366800000007  2.5726015100000001  4.1176986700000002 
    8   6.7457829399999998  1.3055303300000001  0.4660050700000000 
    1   9.7574704600000004  2.1336124100000000  3.7828092400000002 
    1   5.9313997599999997  1.7457282900000000  0.1231842000000000 
    1   8.9693079600000001  3.4990165700000002  3.7847858599999999 
    1   6.7214194899999997  0.3871953300000000  0.1258475300000000 
    8   6.6981048599999999  1.2805349500000001  3.2092110100000002 
    8   8.9787923400000000  2.6054591199999999  6.8694557999999999 
    1   6.7275608900000003  1.2939892200000001  2.2210512300000000 
    1   8.9670142700000000  2.5941118900000002  5.8900821399999996 
    1   7.5159149500000000  1.7539365600000001  3.5140379199999998 
    1   8.1696754800000004  2.1316328800000002  7.1642576199999999 
    8   8.9468430800000007  2.5804163800000000 11.4356604300000004 
    8   6.7405844600000000  1.3061520000000000  7.7778700000000001 
    1   9.7515225999999995  2.1304101300000000 11.1051316199999999 
    1   5.9277181900000002  1.7513160000000001  7.4407939399999998 
    1   8.9696870900000008  3.5067727000000000 11.1008456300000002 
    1   6.7222781999999999  0.3810084100000000  7.4413493800000001 
    8   6.7033643900000000  1.2839140099999999 10.5283828300000000 
    8   8.9822189300000002  2.6040102799999998 14.1895252400000000 
    1   6.7282009199999999  1.2926737800000001  9.5400300500000004 
    1   8.9624719200000005  2.5877791900000000 13.2075656200000005 
    1   7.5171887200000000  1.7544581500000000 10.8324160500000009 
    1   8.1758599800000002  2.1344002400000002 14.4889306199999996 
    8  11.1824053899999996  6.4603514300000002  4.1221750300000002 
    8   8.9781988699999999  5.1948277400000000  0.4579146000000000 
    1  11.9891532999999999  6.0160710100000001  3.7829904900000000 
    1   8.1685917799999999  5.6325150600000002  0.1253260700000000 
    1  11.2030117600000008  7.3869667500000000  3.7873059699999998 
    1   8.9554328600000002  4.2655193799999997  0.1219879700000000 
    8   8.9402530200000001  5.1703750700000004  3.2068283599999998 
    8  11.2187496299999996  6.4813336599999998  6.8686194900000004 
    1   8.9581960200000008  5.1795312100000004  2.2317229799999998 
    1  11.2011847099999997  6.4658256700000001  5.8862160599999998 
    1   9.7496142700000004  5.6365375300000000  3.5103050699999998 
    1  10.4114541099999993  6.0096926699999997  7.1733146000000003 
    8  11.1810119799999992  6.4651970900000002 11.4393959200000008 
    8   8.9776978700000001  5.1949489399999997  7.7803170899999996 
    1  11.9993736900000005  6.0263734800000002 11.0978317900000008 
    1   8.1711565700000008  5.6277862000000001  7.4425057399999996 
    1  11.2070942200000001  7.3824161899999998 11.1079981199999995 
    1   8.9614587300000004  4.2672164199999996  7.4381443599999999 
    8   8.9467932300000008  5.1677030600000000 10.5292789500000001 
    8  11.2184752099999994  6.4824591600000003 14.1840517199999994 
    1   8.9605719700000002  5.1815797799999999  9.5442234700000004 
    1  11.2006382900000006  6.4739853299999996 13.1982905099999996 
    1   9.7565268700000001  5.6315948300000001 10.8301173199999994 
    1  10.4091563499999999  6.0128405200000001 14.4931446099999999 
