 3  1  1 E -0.0E+0 DE 0.0E+0( 1) 
 8.96536240000000006E+00 0.00000000000000000E+00 0.00000000000000000E+00 
 4.47614728695973607E+00 7.76800028506544038E+00 0.00000000000000000E+00 
 0.00000000000000000E+00 0.00000000000000000E+00 1.46387584600000000E+01 
  1 
 1.00000000000000000E+00 0.00000000000000000E+00 0.00000000000000000E+00 
 0.00000000000000000E+00 1.00000000000000000E+00 0.00000000000000000E+00 
 0.00000000000000000E+00 0.00000000000000000E+00 1.00000000000000000E+00 
 0.00000000000000000E+00 0.00000000000000000E+00 0.00000000000000000E+00 
       96 
    8   4.4588198900000000  2.5829925800000000  4.1244927200000001 
    8   2.2539751099999998  1.3082365899999999  0.4604116400000000 
    1   5.2687284400000003  2.1360330200000002  3.7757741700000000 
    1   1.4455182000000000  1.7520564300000001  0.1267287200000000 
    1   4.4825005899999999  3.5006034000000001  3.7803225199999999 
    1   2.2381534799999998  0.3775775300000000  0.1245076000000000 
    8   2.2204755100000000  1.2830383100000000  3.2059047899999999 
    8   4.5021892499999998  2.5999139300000000  6.8647551099999999 
    1   2.2392035300000002  1.2926044800000001  2.2187536400000001 
    1   4.4827909500000001  2.5872308600000000  5.8844470500000003 
    1   3.0371433500000000  1.7571503900000001  3.5111428500000001 
    1   3.6942672700000001  2.1307312199999999  7.1698766000000003 
    8   4.4621352900000000  2.5788512200000002 11.4386773300000009 
    8   2.2573533700000001  1.3056370399999999  7.7778803200000004 
    1   5.2662620200000001  2.1358293900000000 11.1035319399999999 
    1   1.4475653399999999  1.7422459299999999  7.4385734299999999 
    1   4.4857290699999997  3.4997295099999999 11.1046782099999994 
    1   2.2406761300000002  0.3838029800000000  7.4399527299999999 
    8   2.2226324700000002  1.2806873800000000 10.5273561400000002 
    8   4.5000898700000000  2.5995978399999999 14.1911550099999992 
    1   2.2403461099999999  1.2907339400000000  9.5435584599999999 
    1   4.4818867500000001  2.5905408500000000 13.2067540399999999 
    1   3.0322865299999999  1.7547039600000001 10.8298696700000008 
    1   3.6899356800000001  2.1332766500000000 14.4936714799999997 
    8   6.7014334099999999  6.4635884199999998  4.1239851800000000 
    8   4.4922805900000000  5.1922472800000001  0.4564402200000000 
    1   7.5101814700000000  6.0224475200000001  3.7835876900000001 
    1   3.6905307199999999  5.6277633099999997  0.1284651300000000 
    1   6.7238584899999996  7.3897246299999999  3.7886094500000000 
    1   4.4784241199999997  4.2634834200000000  0.1207549500000000 
    8   4.4595326999999996  5.1651006400000004  3.2056176000000001 
    8   6.7396967400000003  6.4836167800000002  6.8627356199999996 
    1   4.4768827399999997  5.1771202100000000  2.2264141899999998 
    1   6.7192323600000003  6.4717462399999999  5.8865551399999996 
    1   5.2702907699999999  5.6389353299999998  3.5095828700000000 
    1   5.9266196100000004  6.0172264200000001  7.1721464800000003 
    8   6.6973747100000001  6.4635573600000003 11.4389813199999999 
    8   4.5012855900000002  5.1886134300000002  7.7850466999999997 
    1   7.5105784800000004  6.0222867899999999 11.0977979500000004 
    1   3.6867881499999999  5.6295527700000001  7.4427359900000001 
    1   6.7268662800000003  7.3847980399999997 11.1018565400000000 
    1   4.4744436800000003  4.2624699100000001  7.4429580399999997 
    8   4.4559475800000001  5.1695816800000003 10.5296630899999997 
    8   6.7311714100000000  6.4854388900000002 14.1875789799999996 
    1   4.4813513900000004  5.1732361500000001  9.5451603699999996 
    1   6.7117448599999996  6.4708229700000004 13.2053250999999996 
    1   5.2739051000000003  5.6376842299999996 10.8249073399999993 
    1   5.9236678700000001  6.0173711799999996 14.4912456699999996 
    8   8.9402945000000003  2.5749157399999998  4.1179824600000003 
    8   6.7478514699999996  1.3045777000000001  0.4606125800000000 
    1   9.7564585699999995  2.1400858999999999  3.7843482100000001 
    1   5.9266123300000002  1.7520632899999999  0.1215885800000000 
    1   8.9655518900000004  3.4998536400000000  3.7863314199999998 
    1   6.7179630000000001  0.3841171100000000  0.1284130300000000 
    8   6.6998551300000004  1.2804861599999999  3.2120847399999999 
    8   8.9816928399999991  2.6024744300000000  6.8706627899999999 
    1   6.7240355000000003  1.2945880400000001  2.2283128799999998 
    1   8.9617347699999996  2.5927653400000001  5.8893924699999998 
    1   7.5147603099999998  1.7550987700000000  3.5099600500000001 
    1   8.1761514700000006  2.1351057700000000  7.1699789000000003 
    8   8.9439791900000003  2.5732010999999999 11.4402406200000009 
    8   6.7439125999999998  1.3150335500000001  7.7869270600000000 
    1   9.7576583499999998  2.1319447199999999 11.0997497700000007 
    1   5.9257501100000001  1.7452420700000000  7.4383398800000000 
    1   8.9622003600000006  3.4970662400000001 11.1014611900000002 
    1   6.7139366899999997  0.3828050300000000  7.4414070099999998 
    8   6.6990347200000002  1.2829528800000001 10.5306697499999995 
    8   8.9859873100000005  2.6061470099999999 14.1883870699999992 
    1   6.7224218599999999  1.2899453500000000  9.5435256800000001 
    1   8.9617019899999999  2.5861707599999999 13.2070829900000000 
    1   7.5148759800000002  1.7549761300000000 10.8322752599999994 
    1   8.1719953800000003  2.1334106899999998 14.4900579100000009 
    8  11.1841506899999992  6.4610413500000003  4.1231341700000002 
    8   8.9818397799999996  5.1883204899999997  0.4602615400000000 
    1  11.9921333099999998  6.0255894400000001  3.7802197700000000 
    1   8.1685983199999992  5.6334843499999998  0.1247372900000000 
    1  11.2034683099999999  7.3870969600000000  3.7807720699999998 
    1   8.9522134100000006  4.2695823700000002  0.1258441500000000 
    8   8.9393491500000000  5.1686960300000004  3.2135360199999998 
    8  11.2188950799999994  6.4847132399999996  6.8658720100000004 
    1   8.9598617699999998  5.1825205199999997  2.2251291499999999 
    1  11.1972475300000003  6.4724599999999999  5.8796385000000004 
    1   9.7533796899999992  5.6338559600000000  3.5034087600000001 
    1  10.4048709899999992  6.0082430400000000  7.1693733399999999 
    8  11.1802004499999992  6.4593295499999996 11.4371188499999992 
    8   8.9807524700000005  5.1892935199999997  7.7807146700000001 
    1  12.0001890899999992  6.0196255499999998 11.1027172499999995 
    1   8.1703720200000003  5.6343566999999997  7.4457979999999999 
    1  11.2027220399999994  7.3891435000000003 11.1038432900000004 
    1   8.9566430100000005  4.2702163500000001  7.4453265899999996 
    8   8.9432665900000003  5.1569855000000002 10.5264715100000004 
    8  11.2248951800000007  6.4810900199999999 14.1947725200000008 
    1   8.9649378500000001  5.1762262400000001  9.5460058900000000 
    1  11.2004286400000002  6.4700932699999996 13.2121379200000000 
    1   9.7552412700000009  5.6362322200000001 10.8232367699999994 
    1  10.4082246999999999  6.0144132600000004 14.4934185400000004 
