 3  1  1 E -0.0E+0 DE 0.0E+0( 1) 
 8.96536240000000006E+00 0.00000000000000000E+00 0.00000000000000000E+00 
 4.47614728695973607E+00 7.76800028506544038E+00 0.00000000000000000E+00 
 0.00000000000000000E+00 0.00000000000000000E+00 1.46387584600000000E+01 
  1 
 1.00000000000000000E+00 0.00000000000000000E+00 0.00000000000000000E+00 
 0.00000000000000000E+00 1.00000000000000000E+00 0.00000000000000000E+00 
 0.00000000000000000E+00 0.00000000000000000E+00 1.00000000000000000E+00 
 0.00000000000000000E+00 0.00000000000000000E+00 0.00000000000000000E+00 
       96 
    8   4.4654872299999999  2.5793731800000002  4.1182335900000000 
    8   2.2579621200000002  1.3047702800000001  0.4612431300000000 
    1   5.2777584600000003  2.1388102800000000  3.7870695300000001 
    1   1.4462621899999999  1.7448505999999999  0.1231018500000000 
    1   4.4862284399999997  3.5062838900000002  3.7864582699999998 
    1   2.2382458000000001  0.3757174900000000  0.1293418900000000 
    8   2.2170078499999999  1.2799539799999999  3.2121806500000001 
    8   4.5030220400000003  2.5999790200000001  6.8609608900000003 
    1   2.2382412600000001  1.2957911200000001  2.2279107499999999 
    1   4.4852601700000001  2.5858036300000000  5.8908642200000001 
    1   3.0349926100000002  1.7517724100000001  3.5079180600000002 
    1   3.6901481100000000  2.1342474299999998  7.1673648200000004 
    8   4.4632950700000000  2.5781432000000000 11.4450053000000000 
    8   2.2580602600000002  1.3050873800000000  7.7837094999999996 
    1   5.2709128400000003  2.1368637499999998 11.1068119000000003 
    1   1.4473038499999999  1.7512737400000000  7.4450652399999999 
    1   4.4852910899999996  3.5033264100000001 11.1070258499999994 
    1   2.2357004200000001  0.3803634700000000  7.4427537299999997 
    8   2.2249606499999999  1.2820818700000001 10.5336930500000001 
    8   4.4968678999999998  2.5999904699999998 14.1900858200000002 
    1   2.2392465600000002  1.2958603500000001  9.5454617299999995 
    1   4.4823768900000003  2.5879459300000001 13.2057782699999997 
    1   3.0317335000000001  1.7519839900000000 10.8334364999999995 
    1   3.6868434500000000  2.1361872100000001 14.4877095899999997 
    8   6.7014010600000002  6.4638381200000001  4.1251669000000000 
    8   4.4936329099999996  5.1822342700000004  0.4615921200000000 
    1   7.5159854099999999  6.0202559300000003  3.7794666800000001 
    1   3.6878258000000002  5.6348881700000000  0.1248738800000000 
    1   6.7226222900000003  7.3898859100000003  3.7837955700000001 
    1   4.4774504899999998  4.2624777600000003  0.1229766100000000 
    8   4.4549684000000003  5.1679385499999997  3.2107342700000001 
    8   6.7388698800000002  6.4864148999999998  6.8704493500000003 
    1   4.4757123099999996  5.1785108600000003  2.2268530700000002 
    1   6.7180617800000002  6.4747637899999999  5.8861010699999996 
    1   5.2730150399999998  5.6369323900000001  3.5101332500000000 
    1   5.9220722700000001  6.0080140200000001  7.1692878200000001 
    8   6.7073323499999997  6.4611297800000003 11.4334411199999995 
    8   4.4934629099999999  5.1927433299999999  7.7817834299999999 
    1   7.5088735900000003  6.0184150699999996 11.0999213099999992 
    1   3.6851039499999998  5.6275609299999996  7.4452532400000004 
    1   6.7232825800000002  7.3846586800000003 11.1022055099999992 
    1   4.4767682999999998  4.2676703900000001  7.4460301299999996 
    8   4.4542521099999997  5.1688873500000003 10.5315615600000001 
    8   6.7403745099999997  6.4811298800000001 14.1876049900000005 
    1   4.4776596900000003  5.1788336599999996  9.5471184299999994 
    1   6.7166635799999996  6.4764347100000004 13.2005364600000004 
    1   5.2706844700000000  5.6318019499999998 10.8328933099999993 
    1   5.9307137599999997  6.0153078300000002 14.4873755299999996 
    8   8.9495141399999998  2.5831425900000000  4.1277755200000001 
    8   6.7473959299999997  1.2997315800000000  0.4645018900000000 
    1   9.7557336200000009  2.1384448599999999  3.7819726700000000 
    1   5.9353854899999998  1.7519552899999999  0.1246235500000000 
    1   8.9675036099999996  3.4992634400000000  3.7833430500000000 
    1   6.7237518100000004  0.3757748800000000  0.1275968300000000 
    8   6.7030930299999998  1.2849033900000000  3.2110775500000002 
    8   8.9829871000000008  2.6014741300000002  6.8798501300000003 
    1   6.7241607800000001  1.2927208800000001  2.2229823199999998 
    1   8.9629701599999994  2.5836545900000001  5.8862587000000000 
    1   7.5156685400000001  1.7524033800000001  3.5053715799999998 
    1   8.1679835000000001  2.1300852400000001  7.1718519599999997 
    8   8.9405561200000001  2.5820878100000000 11.4402626999999999 
    8   6.7377444700000000  1.3084369300000001  7.7827701700000000 
    1   9.7558895299999993  2.1348418200000001 11.1051667900000002 
    1   5.9292383900000001  1.7508887700000000  7.4428137799999998 
    1   8.9698895200000006  3.4995951000000001 11.0973048199999997 
    1   6.7210255800000001  0.3820142300000000  7.4446070600000001 
    8   6.7006544400000001  1.2820026800000000 10.5284613500000006 
    8   8.9837285599999994  2.5980625800000001 14.1893906600000008 
    1   6.7201014299999997  1.2951471299999999  9.5548649200000000 
    1   8.9692970400000007  2.5935578700000002 13.2065726399999992 
    1   7.5139387900000001  1.7544720199999999 10.8306675099999996 
    1   8.1686364699999992  2.1281702000000000 14.4885343100000004 
    8  11.1777658800000008  6.4586609700000004  4.1234113499999996 
    8   8.9781115000000007  5.1920255900000001  0.4653631000000000 
    1  11.9926342899999998  6.0202829299999996  3.7858317800000001 
    1   8.1684545600000007  5.6269959900000002  0.1233437300000000 
    1  11.2055637299999997  7.3853020300000001  3.7816160299999999 
    1   8.9609841699999997  4.2659684200000001  0.1222332400000000 
    8   8.9404451399999996  5.1684185100000004  3.2105423499999999 
    8  11.2247123099999992  6.4882641100000003  6.8651519199999997 
    1   8.9612207300000009  5.1838911899999998  2.2236193800000001 
    1  11.1999124900000009  6.4716089400000003  5.8903776800000003 
    1   9.7530618199999992  5.6389262100000002  3.5040302500000000 
    1  10.4062324000000004  6.0187915500000004  7.1750800000000003 
    8  11.1830841799999998  6.4624135799999998 11.4371369800000000 
    8   8.9821244199999999  5.1918254299999997  7.7790218199999996 
    1  11.9917008900000006  6.0195093699999997 11.1009236300000005 
    1   8.1707842799999995  5.6323986000000001  7.4461694500000002 
    1  11.2041142199999992  7.3858187300000004 11.1003655699999992 
    1   8.9551692799999998  4.2628931699999999  7.4440694799999996 
    8   8.9428684000000001  5.1649291000000002 10.5267412700000005 
    8  11.2212657700000005  6.4835172400000003 14.1918716699999994 
    1   8.9643233400000000  5.1742995399999998  9.5447138799999998 
    1  11.2005776899999994  6.4725373900000003 13.2057376699999995 
    1   9.7568541500000006  5.6374515299999999 10.8367514299999996 
    1  10.4060460500000005  6.0155538999999996 14.4884524300000006 
