 3  1  1 E -0.0E+0 DE 0.0E+0( 1) 
 8.96536240000000006E+00 0.00000000000000000E+00 0.00000000000000000E+00 
 4.47614728695973607E+00 7.76800028506544038E+00 0.00000000000000000E+00 
 0.00000000000000000E+00 0.00000000000000000E+00 1.46387584600000000E+01 
  1 
 1.00000000000000000E+00 0.00000000000000000E+00 0.00000000000000000E+00 
 0.00000000000000000E+00 1.00000000000000000E+00 0.00000000000000000E+00 
 0.00000000000000000E+00 0.00000000000000000E+00 1.00000000000000000E+00 
 0.00000000000000000E+00 0.00000000000000000E+00 0.00000000000000000E+00 
       96 
    8   4.4663256899999997  2.5796725299999999  4.1205033799999997 
    8   2.2547297500000001  1.3103798900000001  0.4587754300000000 
    1   5.2749106699999997  2.1327906099999998  3.7821182400000000 
    1   1.4477908900000001  1.7467105800000000  0.1184570100000000 
    1   4.4880490100000001  3.5033860500000000  3.7892356700000001 
    1   2.2395321799999999  0.3876020600000000  0.1251028600000000 
    8   2.2249860400000001  1.2875486400000000  3.2145422099999998 
    8   4.5033902200000000  2.5997873399999998  6.8715474700000003 
    1   2.2379446000000001  1.2858329799999999  2.2209030799999998 
    1   4.4792255000000001  2.5907903399999999  5.8877158600000001 
    1   3.0325018699999999  1.7524850400000000  3.5061498699999998 
    1   3.6879057899999999  2.1349183799999998  7.1700288900000002 
    8   4.4638674700000003  2.5860581100000002 11.4429493499999992 
    8   2.2536923700000000  1.3045425399999999  7.7845854200000000 
    1   5.2761554400000001  2.1350001800000000 11.0998280099999995 
    1   1.4497692799999999  1.7464560200000001  7.4411237000000003 
    1   4.4839211700000003  3.5011489199999999 11.0964871400000007 
    1   2.2341205799999999  0.3842751500000000  7.4434768599999996 
    8   2.2190166100000002  1.2825589500000001 10.5333787300000008 
    8   4.4983953600000000  2.6009496300000001 14.1841905300000004 
    1   2.2429230400000000  1.2941324800000000  9.5465067900000005 
    1   4.4729172200000002  2.5920629200000000 13.2045067800000009 
    1   3.0285047800000000  1.7514586599999999 10.8237438200000007 
    1   3.6916035800000002  2.1291346299999998 14.4932922200000007 
    8   6.7055050800000000  6.4607108799999997  4.1193487500000003 
    8   4.4957960799999999  5.1934438299999997  0.4561562000000000 
    1   7.5111387699999996  6.0188618600000003  3.7860664700000002 
    1   3.6863925000000002  5.6243788800000001  0.1169441200000000 
    1   6.7225522099999999  7.3792973399999999  3.7804861399999998 
    1   4.4751616199999997  4.2686612600000000  0.1260759100000000 
    8   4.4656469599999999  5.1689378799999997  3.2062895800000000 
    8   6.7360115399999998  6.4846701400000004  6.8706844800000004 
    1   4.4776422599999997  5.1781290499999999  2.2279136300000002 
    1   6.7212032500000003  6.4731683699999998  5.8834041099999999 
    1   5.2716510500000000  5.6288122999999999  3.5113841500000000 
    1   5.9283901800000001  6.0125810700000004  7.1649790900000001 
    8   6.7017693200000004  6.4587518199999998 11.4392944599999993 
    8   4.4989003399999996  5.1957476900000001  7.7824253600000004 
    1   7.5094193400000000  6.0235291599999998 11.1001548799999998 
    1   3.6852649199999998  5.6336356199999997  7.4419181999999999 
    1   6.7242222900000002  7.3824997500000000 11.1009886899999994 
    1   4.4697993599999997  4.2642271699999998  7.4487308199999998 
    8   4.4584605499999999  5.1660503799999997 10.5285830499999999 
    8   6.7358418699999998  6.4893599100000001 14.1860772999999991 
    1   4.4769918999999998  5.1796765599999999  9.5418414400000007 
    1   6.7181723099999999  6.4756846399999999 13.2065698200000003 
    1   5.2699804800000001  5.6364105699999998 10.8280899099999992 
    1   5.9295208099999996  6.0109780500000003 14.4914465000000003 
    8   8.9460165499999995  2.5731729699999999  4.1200350300000004 
    8   6.7408821500000000  1.3073078700000000  0.4628503200000000 
    1   9.7529367100000002  2.1420993799999999  3.7882913999999999 
    1   5.9299428499999998  1.7497763300000000  0.1247280900000000 
    1   8.9629629800000004  3.5058582100000000  3.7883741700000000 
    1   6.7235906200000004  0.3799364700000000  0.1250113000000000 
    8   6.7058364600000004  1.2848362200000001  3.2117572000000001 
    8   8.9804307300000001  2.5999713999999998  6.8678260399999997 
    1   6.7226559999999997  1.2926780800000000  2.2279932699999998 
    1   8.9645040199999997  2.5849904800000001  5.8908600599999996 
    1   7.5123619799999997  1.7516279800000001  3.5077952500000000 
    1   8.1707410700000001  2.1273617699999998  7.1707517799999998 
    8   8.9422913600000005  2.5795071799999998 11.4385604700000005 
    8   6.7407249199999999  1.3081221300000001  7.7795574099999998 
    1   9.7591009900000003  2.1332647100000002 11.1021049299999994 
    1   5.9298690399999998  1.7492280200000001  7.4409006000000000 
    1   8.9694529000000003  3.5068142800000000 11.0986644600000002 
    1   6.7130970200000002  0.3786862200000000  7.4477299800000001 
    8   6.7026711900000002  1.2868241000000000 10.5212829499999998 
    8   8.9869973400000003  2.6002122399999998 14.1895949500000000 
    1   6.7243822099999999  1.2934751900000001  9.5485851999999998 
    1   8.9623154500000002  2.5907337500000001 13.2078930299999993 
    1   7.5149675000000000  1.7483243100000001 10.8261328599999995 
    1   8.1694466000000006  2.1328413899999998 14.4890207899999996 
    8  11.1763323099999994  6.4583929600000003  4.1150113299999997 
    8   8.9793861899999996  5.1830871199999997  0.4638938200000000 
    1  11.9951689100000003  6.0239444999999998  3.7795839199999999 
    1   8.1704703300000006  5.6388530100000001  0.1208663800000000 
    1  11.2049034400000007  7.3854129600000000  3.7772194799999999 
    1   8.9623208099999996  4.2691806500000000  0.1280736600000000 
    8   8.9414085500000002  5.1590848800000000  3.2132447100000001 
    8  11.2241937699999994  6.4849474300000001  6.8661627699999999 
    1   8.9620738899999992  5.1846559900000004  2.2293873999999998 
    1  11.2020009300000005  6.4698700599999999  5.8904186799999998 
    1   9.7529604899999995  5.6392597300000000  3.5147982899999999 
    1  10.4129868000000005  6.0140517899999999  7.1720593499999996 
    8  11.1864051199999999  6.4652935700000000 11.4410014899999997 
    8   8.9795603499999999  5.1938997300000000  7.7796683599999996 
    1  11.9936597299999992  6.0205441799999999 11.1061230099999992 
    1   8.1696197900000005  5.6285960499999996  7.4391729700000004 
    1  11.2032724100000003  7.3872315100000003 11.0945596700000007 
    1   8.9588005400000004  4.2690372099999996  7.4401263599999998 
    8   8.9350164799999998  5.1656679199999997 10.5271346099999992 
    8  11.2169761099999992  6.4859296700000000 14.1822591300000003 
    1   8.9575137100000006  5.1785172099999999  9.5458770699999995 
    1  11.1996690399999999  6.4757047700000001 13.2079973099999997 
    1   9.7548261200000006  5.6356895199999997 10.8323390199999992 
    1  10.4074263600000005  6.0180041500000003 14.4955280399999999 
