 3  1  1 E -0.0E+0 DE 0.0E+0( 1) 
 8.96536240000000006E+00 0.00000000000000000E+00 0.00000000000000000E+00 
 4.47614728695973607E+00 7.76800028506544038E+00 0.00000000000000000E+00 
 0.00000000000000000E+00 0.00000000000000000E+00 1.46387584600000000E+01 
  1 
 1.00000000000000000E+00 0.00000000000000000E+00 0.00000000000000000E+00 
 0.00000000000000000E+00 1.00000000000000000E+00 0.00000000000000000E+00 
 0.00000000000000000E+00 0.00000000000000000E+00 1.00000000000000000E+00 
 0.00000000000000000E+00 0.00000000000000000E+00 0.00000000000000000E+00 
       96 
    8   4.4597137800000004  2.5802463100000002  4.1244130600000002 
    8   2.2658352000000002  1.3057545500000001  0.4588344700000000 
    1   5.2743326399999999  2.1419595000000000  3.7843406399999999 
    1   1.4458418000000000  1.7420233700000001  0.1208433000000000 
    1   4.4905827499999997  3.4994511699999999  3.7840390099999999 
    1   2.2417493700000000  0.3799489400000000  0.1231046500000000 
    8   2.2204768499999998  1.2838817700000000  3.2130339000000001 
    8   4.4996737800000002  2.6020966300000001  6.8672028000000003 
    1   2.2385938500000000  1.2880759600000000  2.2254448800000000 
    1   4.4832049800000000  2.5893897500000000  5.8864492999999998 
    1   3.0337364600000001  1.7534458700000000  3.5112042799999998 
    1   3.6868346200000000  2.1290189000000002  7.1689822699999999 
    8   4.4645750199999998  2.5762017600000000 11.4396104399999992 
    8   2.2595656599999998  1.3018831000000000  7.7839535900000003 
    1   5.2679133100000000  2.1379728800000000 11.0985743299999999 
    1   1.4497626900000000  1.7521160800000000  7.4408656400000002 
    1   4.4864694299999996  3.5004040500000002 11.1037672300000008 
    1   2.2356451700000002  0.3815272800000000  7.4416947899999997 
    8   2.2192657400000000  1.2814813899999999 10.5278437799999995 
    8   4.5051476199999998  2.6042682500000001 14.1901713199999993 
    1   2.2370825499999998  1.2893992700000001  9.5479585300000007 
    1   4.4839260400000001  2.5961560100000001 13.2084919599999999 
    1   3.0323423200000001  1.7524112000000001 10.8289567899999994 
    1   3.6871274100000000  2.1316161899999999 14.4811855600000001 
    8   6.6986902199999996  6.4647081799999997  4.1250030200000003 
    8   4.4977099899999997  5.1897137300000002  0.4550564600000000 
    1   7.5126963499999997  6.0191670700000000  3.7841771400000002 
    1   3.6847000099999998  5.6357415299999998  0.1209535400000000 
    1   6.7196871600000003  7.3879479799999999  3.7881364999999998 
    1   4.4739768599999996  4.2659114999999996  0.1268916300000000 
    8   4.4600686500000002  5.1664733900000002  3.2087694600000001 
    8   6.7367752100000002  6.4888215599999999  6.8701748800000004 
    1   4.4778500799999996  5.1852651700000001  2.2299811699999998 
    1   6.7168630299999998  6.4708107500000001  5.8858845100000003 
    1   5.2689230000000000  5.6362023499999996  3.5083272000000001 
    1   5.9246925900000003  6.0172372200000002  7.1707836499999997 
    8   6.6988364200000001  6.4643113799999998 11.4400925699999991 
    8   4.5009374299999996  5.1930385499999998  7.7855155600000003 
    1   7.5156903699999997  6.0207148600000000 11.1068092499999995 
    1   3.6801746899999999  5.6310008099999997  7.4427165200000003 
    1   6.7220673499999997  7.3875530200000004 11.0939625399999997 
    1   4.4750680400000000  4.2675964300000002  7.4436810700000002 
    8   4.4632864100000003  5.1690227399999999 10.5318359200000007 
    8   6.7354957300000002  6.4899116499999998 14.1914289999999994 
    1   4.4785589300000002  5.1805700100000003  9.5450139800000002 
    1   6.7189212500000002  6.4745178699999997 13.2037609099999997 
    1   5.2701581700000002  5.6338168900000003 10.8281864399999996 
    1   5.9262610699999998  6.0178779899999997 14.4936596800000004 
    8   8.9434861600000009  2.5779631400000000  4.1175595100000004 
    8   6.7434136300000000  1.3071070899999999  0.4647004900000000 
    1   9.7584525200000005  2.1359986200000001  3.7867705699999998 
    1   5.9337840499999999  1.7447094599999999  0.1259746600000000 
    1   8.9677910700000005  3.5023311499999998  3.7822970499999999 
    1   6.7203381400000000  0.3811168700000000  0.1198198700000000 
    8   6.7018262399999999  1.2794263400000001  3.2098103400000002 
    8   8.9815394000000008  2.6011133900000001  6.8724600100000002 
    1   6.7229213300000001  1.2844380799999999  2.2188403499999998 
    1   8.9643994700000000  2.5909417200000000  5.8898742999999998 
    1   7.5142649500000003  1.7510131000000000  3.5135586499999998 
    1   8.1759171700000000  2.1325528500000002  7.1719368499999998 
    8   8.9469469900000007  2.5806266500000001 11.4436541300000005 
    8   6.7399708900000004  1.3045217600000001  7.7801989000000003 
    1   9.7545704600000001  2.1346555000000000 11.1037544399999994 
    1   5.9303328400000002  1.7505597600000000  7.4430507500000003 
    1   8.9705112600000003  3.5052220799999998 11.1018827699999996 
    1   6.7181224400000001  0.3804859400000000  7.4414629999999997 
    8   6.7006092099999996  1.2812762600000001 10.5298766100000005 
    8   8.9810374700000004  2.5988673599999998 14.1850467299999998 
    1   6.7224389499999999  1.3003237500000000  9.5469722899999994 
    1   8.9632772999999997  2.5855708399999999 13.2043646500000005 
    1   7.5145012900000001  1.7518537999999999 10.8359228900000009 
    1   8.1700800200000003  2.1276074600000001 14.4859202299999996 
    8  11.1754528099999995  6.4618314200000002  4.1280676800000000 
    8   8.9776916199999999  5.1928401400000004  0.4655519000000000 
    1  11.9957415199999993  6.0129809500000002  3.7857956200000000 
    1   8.1687665400000000  5.6320444700000003  0.1252105500000000 
    1  11.2033405199999994  7.3857824299999999  3.7815059999999998 
    1   8.9561787099999997  4.2661996000000002  0.1243995000000000 
    8   8.9416637100000003  5.1653108400000001  3.2099913299999998 
    8  11.2175100600000004  6.4858509499999997  6.8642930700000004 
    1   8.9558512599999993  5.1801426499999996  2.2213855300000001 
    1  11.1974200199999991  6.4771041100000000  5.8886331600000004 
    1   9.7557311400000000  5.6381504500000004  3.5098796299999999 
    1  10.4077541999999994  6.0148514600000000  7.1685156399999999 
    8  11.1836970999999998  6.4615061400000000 11.4403404099999992 
    8   8.9745458899999999  5.1962567699999997  7.7834287599999996 
    1  11.9972792899999998  6.0140362900000000 11.1035709399999991 
    1   8.1652099699999994  5.6339227100000002  7.4490928099999998 
    1  11.2078143099999998  7.3867053399999998 11.1023058199999998 
    1   8.9529348399999993  4.2695339199999998  7.4409700100000000 
    8   8.9375395700000002  5.1619524700000001 10.5303936300000007 
    8  11.2234263900000002  6.4833016700000003 14.1869567799999992 
    1   8.9631956099999996  5.1750112399999999  9.5487315200000005 
    1  11.2031164800000003  6.4683326599999997 13.2058773899999995 
    1   9.7514030199999997  5.6384728400000004 10.8304687600000005 
    1  10.4120861599999994  6.0172839800000002 14.4933428200000005 
