 3  1  1 E -0.0E+0 DE 0.0E+0( 1) 
 8.96536240000000006E+00 0.00000000000000000E+00 0.00000000000000000E+00 
 4.47614728695973607E+00 7.76800028506544038E+00 0.00000000000000000E+00 
 0.00000000000000000E+00 0.00000000000000000E+00 1.46387584600000000E+01 
  1 
 1.00000000000000000E+00 0.00000000000000000E+00 0.00000000000000000E+00 
 0.00000000000000000E+00 1.00000000000000000E+00 0.00000000000000000E+00 
 0.00000000000000000E+00 0.00000000000000000E+00 1.00000000000000000E+00 
 0.00000000000000000E+00 0.00000000000000000E+00 0.00000000000000000E+00 
       96 
    8   4.4569688599999999  2.5772239099999998  4.1169995600000000 
    8   2.2541750399999998  1.3031037999999999  0.4646903100000000 
    1   5.2764550500000000  2.1397461700000000  3.7870645100000000 
    1   1.4529690200000001  1.7415220899999999  0.1252436400000000 
    1   4.4811909200000004  3.5021959300000001  3.7798476200000000 
    1   2.2390916900000000  0.3835997300000000  0.1264171500000000 
    8   2.2232418799999998  1.2811749400000001  3.2059410800000001 
    8   4.5017082400000001  2.6024583600000000  6.8747964100000001 
    1   2.2420938700000002  1.2948529900000001  2.2308158100000002 
    1   4.4846403500000003  2.5889228700000002  5.8872075400000003 
    1   3.0290712200000001  1.7554015599999999  3.5122990700000001 
    1   3.6900566800000001  2.1340090300000001  7.1646200899999997 
    8   4.4636381500000004  2.5843722699999998 11.4423300999999995 
    8   2.2651777700000002  1.3065096199999999  7.7864098899999998 
    1   5.2726683300000001  2.1383502200000000 11.1086370300000006 
    1   1.4473808800000001  1.7488378600000001  7.4444455899999999 
    1   4.4831802200000004  3.5049072899999998 11.1050736600000004 
    1   2.2390394599999999  0.3825592600000000  7.4407506899999998 
    8   2.2205795300000002  1.2863562100000001 10.5313383999999992 
    8   4.4975724200000000  2.5991770800000000 14.1873450800000001 
    1   2.2459001999999999  1.2955867999999999  9.5425294100000002 
    1   4.4867498799999996  2.5908338099999999 13.2059791900000008 
    1   3.0344994900000000  1.7533005699999999 10.8271770899999993 
    1   3.6873446599999999  2.1294894300000000 14.4927272600000006 
    8   6.6986491199999998  6.4639342400000004  4.1288745799999997 
    8   4.4963635699999998  5.1903964800000004  0.4631333600000000 
    1   7.5147654800000003  6.0199807099999996  3.7865633399999998 
    1   3.6878132899999998  5.6309499900000004  0.1177302300000000 
    1   6.7223848799999999  7.3864637699999998  3.7846277399999999 
    1   4.4792895300000000  4.2649892899999999  0.1258290000000000 
    8   4.4555801900000001  5.1721683100000000  3.2092394500000001 
    8   6.7372714199999999  6.4837227700000000  6.8657788799999997 
    1   4.4746686499999999  5.1826258899999997  2.2248127700000002 
    1   6.7227630899999999  6.4751386799999997  5.8817332799999997 
    1   5.2696116399999999  5.6382412700000000  3.5151039300000000 
    1   5.9265147799999998  6.0157615699999996  7.1662569100000004 
    8   6.7047029900000004  6.4608472199999998 11.4418737900000007 
    8   4.4963544400000002  5.1869167999999997  7.7799011900000004 
    1   7.5072030800000000  6.0200309799999996 11.1083610999999998 
    1   3.6906390999999998  5.6279669400000003  7.4425609000000001 
    1   6.7186601699999997  7.3865637099999999 11.1058406299999994 
    1   4.4768793400000000  4.2664297900000001  7.4486051399999997 
    8   4.4540734100000003  5.1656895699999996 10.5277421499999999 
    8   6.7423317300000001  6.4877688600000001 14.1875043499999993 
    1   4.4774708399999996  5.1796867500000001  9.5390581799999996 
    1   6.7230989599999997  6.4677569600000000 13.2059546399999999 
    1   5.2700626300000000  5.6355933499999997 10.8218658899999998 
    1   5.9270129400000000  6.0178277199999997 14.4930781399999997 
    8   8.9440832500000003  2.5736217400000001  4.1237622299999996 
    8   6.7434402300000000  1.2986874399999999  0.4659909300000000 
    1   9.7588872500000008  2.1335210500000001  3.7862536900000001 
    1   5.9272961100000003  1.7466155900000000  0.1222285600000000 
    1   8.9719386900000000  3.5015510500000002  3.7831390900000001 
    1   6.7183831300000003  0.3858557800000000  0.1260355700000000 
    8   6.7031248600000000  1.2848035700000000  3.2050477700000002 
    8   8.9801383700000006  2.6017045799999998  6.8763614600000000 
    1   6.7230155399999996  1.2945102399999999  2.2323914199999999 
    1   8.9635940400000003  2.5898308299999999  5.8921645900000001 
    1   7.5096350799999998  1.7502131900000000  3.5080030199999999 
    1   8.1713223799999994  2.1340734399999999  7.1680098100000000 
    8   8.9469639599999997  2.5792110899999998 11.4458666299999994 
    8   6.7401212099999999  1.3075186200000000  7.7829661999999997 
    1   9.7565089799999996  2.1366168100000000 11.1014226300000001 
    1   5.9298481299999999  1.7465373000000000  7.4422614899999999 
    1   8.9606215900000006  3.5076505299999998 11.0981278299999992 
    1   6.7208590600000004  0.3859212000000000  7.4439738599999998 
    8   6.7052087900000004  1.2853386000000000 10.5293027800000001 
    8   8.9801420600000004  2.5998972899999999 14.1892145099999993 
    1   6.7228529100000003  1.2934162899999999  9.5468215099999991 
    1   8.9584537700000002  2.5879716899999998 13.2048135000000002 
    1   7.5190599200000001  1.7441384400000000 10.8276262699999997 
    1   8.1742711900000007  2.1304168400000001 14.4853946499999999 
    8  11.1855802299999993  6.4676870400000004  4.1210343399999996 
    8   8.9813380899999995  5.1875308400000000  0.4607766800000000 
    1  11.9978570100000006  6.0214106000000003  3.7824892399999999 
    1   8.1715740799999992  5.6328944500000002  0.1268728600000000 
    1  11.2004844699999992  7.3845821799999998  3.7850349099999998 
    1   8.9566846299999998  4.2676775999999998  0.1268881200000000 
    8   8.9411919399999995  5.1640632200000001  3.2096683200000000 
    8  11.2202763999999995  6.4863341600000002  6.8690600699999997 
    1   8.9611137500000009  5.1789348000000004  2.2309950000000001 
    1  11.1995532900000008  6.4734882000000002  5.8853095099999999 
    1   9.7516273299999998  5.6329714099999997  3.5092248499999998 
    1  10.4092207699999992  6.0224507000000003  7.1673946199999996 
    8  11.1777719999999992  6.4685617400000002 11.4395873100000003 
    8   8.9831467099999998  5.1871428999999996  7.7806774599999997 
    1  11.9977864299999997  6.0242642300000000 11.1005126500000006 
    1   8.1691451399999995  5.6292625300000001  7.4443702399999996 
    1  11.2103822900000001  7.3885216600000003 11.1024727700000003 
    1   8.9530425000000005  4.2667374799999997  7.4443448300000004 
    8   8.9388323300000003  5.1699007200000002 10.5306526500000004 
    8  11.2282864500000006  6.4810054299999997 14.1906946999999999 
    1   8.9609585599999999  5.1771919799999999  9.5432893300000003 
    1  11.2001972199999997  6.4739021200000000 13.2057353699999993 
    1   9.7538929000000003  5.6426504399999997 10.8307657200000005 
    1  10.4103885900000002  6.0200865600000002 14.4923433100000008 
