 3  1  1 E -0.0E+0 DE 0.0E+0( 1) 
 8.96536240000000006E+00 0.00000000000000000E+00 0.00000000000000000E+00 
 4.47614728695973607E+00 7.76800028506544038E+00 0.00000000000000000E+00 
 0.00000000000000000E+00 0.00000000000000000E+00 1.46387584600000000E+01 
  1 
 1.00000000000000000E+00 0.00000000000000000E+00 0.00000000000000000E+00 
 0.00000000000000000E+00 1.00000000000000000E+00 0.00000000000000000E+00 
 0.00000000000000000E+00 0.00000000000000000E+00 1.00000000000000000E+00 
 0.00000000000000000E+00 0.00000000000000000E+00 0.00000000000000000E+00 
       96 
    8   4.4626593000000003  2.5741156400000000  4.1186232900000004 
    8   2.2604218800000000  1.3031006300000001  0.4569323600000000 
    1   5.2736548100000000  2.1391611099999999  3.7847222800000000 
    1   1.4435703700000000  1.7475675200000000  0.1252515400000000 
    1   4.4848512300000003  3.5051255800000001  3.7819354399999998 
    1   2.2323244299999998  0.3833015600000000  0.1232493900000000 
    8   2.2186808700000000  1.2927391100000001  3.2151922100000001 
    8   4.5057307599999996  2.6002627999999999  6.8681353600000001 
    1   2.2431542499999999  1.2928114500000001  2.2227882700000001 
    1   4.4811284699999998  2.5857888899999999  5.8837647799999999 
    1   3.0366286200000001  1.7494133700000001  3.5102383499999998 
    1   3.6895557000000001  2.1323725499999999  7.1694199400000000 
    8   4.4607761799999999  2.5811737799999999 11.4357867500000001 
    8   2.2541164999999999  1.3061969899999999  7.7790347799999999 
    1   5.2731200800000000  2.1387428200000000 11.1059994500000006 
    1   1.4465332500000001  1.7449085700000000  7.4478881699999997 
    1   4.4834880899999998  3.5002266199999998 11.1045523500000005 
    1   2.2402599099999998  0.3816428300000000  7.4473121400000002 
    8   2.2199464099999999  1.2826690599999999 10.5387078600000006 
    8   4.4979527199999998  2.5988002899999998 14.1906027699999999 
    1   2.2461562499999999  1.2972234800000000  9.5412198499999992 
    1   4.4810033300000001  2.5880519799999999 13.2019941999999997 
    1   3.0323974200000001  1.7495319100000000 10.8254537400000004 
    1   3.6915016500000002  2.1301066400000002 14.4941386199999993 
    8   6.7027698400000002  6.4635732199999998  4.1244379200000001 
    8   4.5008907300000001  5.1899371199999997  0.4627146300000000 
    1   7.5163062299999996  6.0218866400000000  3.7829721200000002 
    1   3.6893103500000000  5.6323457000000001  0.1201826400000000 
    1   6.7222296400000001  7.3910222599999997  3.7797802500000000 
    1   4.4765487700000000  4.2688522000000004  0.1320438100000000 
    8   4.4592260300000000  5.1609418800000002  3.2071302500000001 
    8   6.7332826499999996  6.4833737800000000  6.8691862800000001 
    1   4.4821753400000004  5.1830636700000001  2.2237632000000001 
    1   6.7091808999999998  6.4735687300000002  5.8829560499999998 
    1   5.2690152100000001  5.6336033399999996  3.5097985999999999 
    1   5.9296287400000001  6.0170115700000002  7.1694004900000001 
    8   6.6996142799999996  6.4588399399999998 11.4468723800000003 
    8   4.4972629900000003  5.1898721900000000  7.7847496400000002 
    1   7.5138109399999999  6.0222163000000002 11.1021296199999995 
    1   3.6825470000000000  5.6320615099999998  7.4396903800000000 
    1   6.7236522200000000  7.3917098299999999 11.1000786100000006 
    1   4.4729656799999997  4.2689646600000000  7.4416448099999997 
    8   4.4572007800000000  5.1646239800000000 10.5314214400000008 
    8   6.7395820999999998  6.4846497899999997 14.1854880399999992 
    1   4.4797034299999998  5.1762749299999999  9.5452941300000003 
    1   6.7185949699999998  6.4754263999999999 13.2050689000000006 
    1   5.2730057099999996  5.6360975199999999 10.8269185799999992 
    1   5.9285451499999997  6.0144026200000003 14.4874642700000003 
    8   8.9467902299999995  2.5751008299999998  4.1225169800000003 
    8   6.7401612899999996  1.3098670500000000  0.4619114000000000 
    1   9.7545261500000002  2.1366307299999998  3.7868142800000002 
    1   5.9326802199999999  1.7495283900000000  0.1238825500000000 
    1   8.9683409500000000  3.5044962200000001  3.7803853300000001 
    1   6.7179871100000002  0.3808651000000000  0.1256620700000000 
    8   6.7021801300000003  1.2865567700000000  3.2054027000000000 
    8   8.9853192899999996  2.6061915800000000  6.8730993500000004 
    1   6.7229552500000000  1.2962598299999999  2.2265537499999999 
    1   8.9631413099999993  2.5834391900000000  5.8858003600000002 
    1   7.5186199599999997  1.7530621700000000  3.5114568600000000 
    1   8.1653680800000004  2.1303535600000001  7.1692556200000004 
    8   8.9431417199999999  2.5793553400000002 11.4387965000000005 
    8   6.7400903599999999  1.3082267500000000  7.7804939700000002 
    1   9.7593335999999997  2.1386060599999999 11.1013427199999999 
    1   5.9333666500000000  1.7454650899999999  7.4411131199999998 
    1   8.9637764099999995  3.4970167299999999 11.1018431599999996 
    1   6.7163035600000001  0.3825863900000000  7.4441844899999996 
    8   6.7008868499999998  1.2771197100000000 10.5269226600000003 
    8   8.9805860499999994  2.6001518600000000 14.1940583100000008 
    1   6.7218276399999999  1.2929537099999999  9.5463105000000006 
    1   8.9664091300000006  2.5928455399999999 13.2019911000000008 
    1   7.5128922500000002  1.7583469100000000 10.8314008800000003 
    1   8.1731391299999991  2.1341732499999999 14.4870944000000001 
    8  11.1833098500000006  6.4666562399999998  4.1215358599999998 
    8   8.9718600199999994  5.1944030300000001  0.4616930200000000 
    1  11.9886942899999998  6.0266998599999999  3.7782921100000002 
    1   8.1617988900000000  5.6284580300000000  0.1199891400000000 
    1  11.2014005200000000  7.3877502699999997  3.7870461899999999 
    1   8.9586364900000000  4.2649393000000000  0.1215230800000000 
    8   8.9431528900000004  5.1690219700000002  3.2151575800000001 
    8  11.2181169000000001  6.4826507900000001  6.8727692300000003 
    1   8.9614334600000003  5.1799536399999999  2.2238046200000001 
    1  11.2046423399999995  6.4723724100000002  5.8872772900000001 
    1   9.7534363699999993  5.6307161900000002  3.5085959500000001 
    1  10.4034390499999994  6.0181467700000004  7.1693774799999996 
    8  11.1838022600000002  6.4573327200000001 11.4423892299999999 
    8   8.9770179500000005  5.1903230799999998  7.7737596599999996 
    1  11.9938657200000005  6.0158909600000001 11.1040659300000009 
    1   8.1702545299999993  5.6306360099999999  7.4458805000000003 
    1  11.1993702699999993  7.3789460000000000 11.1025669499999999 
    1   8.9601411599999992  4.2653367099999997  7.4405277300000003 
    8   8.9368927500000002  5.1693460199999999 10.5285399799999997 
    8  11.2190911399999997  6.4844462199999997 14.1908304300000001 
    1   8.9600014899999998  5.1723490400000003  9.5503487000000007 
    1  11.1999003100000003  6.4717995100000003 13.2085586999999993 
    1   9.7539956199999995  5.6335795800000001 10.8285313900000002 
    1  10.4078852000000008  6.0163838600000004 14.4902440600000002 
