 3  1  1 E -0.0E+0 DE 0.0E+0( 1) 
 8.96536240000000006E+00 0.00000000000000000E+00 0.00000000000000000E+00 
 4.47614728695973607E+00 7.76800028506544038E+00 0.00000000000000000E+00 
 0.00000000000000000E+00 0.00000000000000000E+00 1.46387584600000000E+01 
  1 
 1.00000000000000000E+00 0.00000000000000000E+00 0.00000000000000000E+00 
 0.00000000000000000E+00 1.00000000000000000E+00 0.00000000000000000E+00 
 0.00000000000000000E+00 0.00000000000000000E+00 1.00000000000000000E+00 
 0.00000000000000000E+00 0.00000000000000000E+00 0.00000000000000000E+00 
       96 
    8   4.4632687999999998  2.5743710499999999  4.1214665799999999 
    8   2.2583281700000000  1.3028147299999999  0.4683863400000000 
    1   5.2688084499999999  2.1322381099999999  3.7818285800000000 
    1   1.4485903300000000  1.7427155400000001  0.1250509700000000 
    1   4.4854678300000002  3.4999238400000001  3.7887548899999999 
    1   2.2367911800000000  0.3841000800000000  0.1256272200000000 
    8   2.2221610300000001  1.2888831500000000  3.2078665100000001 
    8   4.4979642999999996  2.5992185499999998  6.8730835299999997 
    1   2.2343988600000002  1.2975522799999999  2.2231623500000000 
    1   4.4789005199999998  2.5922568099999999  5.8854928900000001 
    1   3.0280870400000000  1.7521028700000001  3.5112144500000002 
    1   3.6927432499999999  2.1325583400000001  7.1700775099999996 
    8   4.4635458500000000  2.5790279300000001 11.4433468600000001 
    8   2.2588315099999998  1.3033653900000000  7.7840050700000001 
    1   5.2716749399999996  2.1396990100000002 11.1051939999999991 
    1   1.4510579200000000  1.7471991800000000  7.4458748000000003 
    1   4.4885287900000002  3.5032305099999999 11.1016964700000003 
    1   2.2424414200000000  0.3796900300000000  7.4447208199999997 
    8   2.2230953000000002  1.2830671400000000 10.5289334599999993 
    8   4.5020606399999998  2.5981092900000000 14.1910731899999991 
    1   2.2404520400000001  1.2907649500000000  9.5466393299999996 
    1   4.4820400800000000  2.5919246100000000 13.2040505699999997 
    1   3.0311292800000000  1.7538245699999999 10.8282467100000002 
    1   3.6900407600000000  2.1316123700000000 14.4911958300000006 
    8   6.7033546399999997  6.4621895599999997  4.1189417900000000 
    8   4.4981032100000000  5.1896558500000003  0.4590002900000000 
    1   7.5073707599999997  6.0232737299999997  3.7865346899999999 
    1   3.6853766600000002  5.6349654999999998  0.1213238300000000 
    1   6.7256201400000002  7.3846670999999997  3.7858704300000001 
    1   4.4764630600000004  4.2685629699999996  0.1228276000000000 
    8   4.4558689300000003  5.1660437699999999  3.2042864700000000 
    8   6.7434666400000003  6.4814966500000004  6.8723030100000004 
    1   4.4828714400000003  5.1776961799999999  2.2250250899999999 
    1   6.7189850499999997  6.4684909900000003  5.8854162199999998 
    1   5.2740774600000000  5.6348368999999998  3.5053165900000001 
    1   5.9330802000000000  6.0163654099999997  7.1732193600000000 
    8   6.6991461599999997  6.4619647599999999 11.4354640799999991 
    8   4.4987204900000002  5.1925689300000002  7.7808267000000004 
    1   7.5149424900000001  6.0174799900000000 11.1053215999999999 
    1   3.6846855999999999  5.6343495800000003  7.4430135499999999 
    1   6.7271335199999998  7.3827074599999998 11.1059782800000004 
    1   4.4685755000000000  4.2689821800000001  7.4424869400000002 
    8   4.4583398599999997  5.1682968999999996 10.5333789899999992 
    8   6.7389643899999996  6.4803902600000001 14.1924620899999994 
    1   4.4792097300000000  5.1757389800000002  9.5474428200000006 
    1   6.7226542000000000  6.4729871000000001 13.2038218999999994 
    1   5.2712481999999996  5.6389035500000002 10.8302867000000003 
    1   5.9265729000000000  6.0165036799999996 14.4928466900000004 
    8   8.9445696300000002  2.5795977600000000  4.1258463299999999 
    8   6.7398944600000004  1.3070511000000000  0.4685134000000000 
    1   9.7554027399999992  2.1304935999999999  3.7786098300000002 
    1   5.9334679200000000  1.7477869300000000  0.1219463000000000 
    1   8.9689742199999998  3.4960642599999998  3.7880934800000001 
    1   6.7216939399999998  0.3798221700000000  0.1271339100000000 
    8   6.7057958600000003  1.2813660700000000  3.2106133500000000 
    8   8.9804288000000003  2.6054968999999999  6.8685020600000000 
    1   6.7228639200000000  1.2892092900000001  2.2231509699999998 
    1   8.9621635499999996  2.5899799200000002  5.8855237599999999 
    1   7.5176877800000002  1.7489053699999999  3.5111941999999998 
    1   8.1662079700000003  2.1326578600000001  7.1664763599999999 
    8   8.9446964700000002  2.5760782000000000 11.4420191500000001 
    8   6.7409731800000001  1.3043919500000001  7.7860126200000002 
    1   9.7539154900000007  2.1322175400000001 11.1017210599999991 
    1   5.9266238700000002  1.7471517000000001  7.4385886799999996 
    1   8.9653337099999995  3.4990463900000002 11.1018416099999992 
    1   6.7229204200000003  0.3787207100000000  7.4436127399999998 
    8   6.7065134400000002  1.2795027100000000 10.5253454899999994 
    8   8.9826968300000001  2.5938870700000001 14.1945015199999993 
    1   6.7215742100000000  1.3007150100000000  9.5430971400000004 
    1   8.9658621400000005  2.5939866999999999 13.2050404399999994 
    1   7.5097084399999998  1.7568833200000000 10.8326128599999993 
    1   8.1703574099999994  2.1347149399999998 14.4872593300000005 
    8  11.1811582999999999  6.4588519099999999  4.1223531600000003 
    8   8.9850379399999998  5.1899848500000001  0.4608586700000000 
    1  11.9906118399999997  6.0178946800000004  3.7868580299999999 
    1   8.1640056300000001  5.6301513800000000  0.1202087600000000 
    1  11.2015746400000005  7.3835514900000003  3.7824020599999999 
    1   8.9552472400000003  4.2679032100000001  0.1228081600000000 
    8   8.9406242999999996  5.1678830600000003  3.2117795199999999 
    8  11.2189354500000000  6.4867170600000001  6.8655945799999998 
    1   8.9601488499999995  5.1828775399999998  2.2241387499999998 
    1  11.2038557099999991  6.4749942799999998  5.8853160700000000 
    1   9.7562097399999992  5.6387497199999999  3.5054059600000000 
    1  10.4121238500000004  6.0190069900000003  7.1730324999999997 
    8  11.1845393499999997  6.4631885200000001 11.4463224300000004 
    8   8.9762192800000005  5.1897483600000003  7.7804929700000001 
    1  11.9977605799999996  6.0182183100000000 11.1047928000000002 
    1   8.1655245599999997  5.6265517699999998  7.4403126100000003 
    1  11.2090197099999997  7.3843731200000002 11.1004486799999995 
    1   8.9516600400000002  4.2653054900000003  7.4413439400000003 
    8   8.9443865200000001  5.1647420200000003 10.5279330499999997 
    8  11.2183864399999997  6.4863831599999999 14.1958447600000000 
    1   8.9606138000000009  5.1773824499999996  9.5432099499999996 
    1  11.2022100499999997  6.4748108599999998 13.2044003799999992 
    1   9.7598397699999992  5.6372316299999996 10.8356218900000005 
    1  10.4066390799999997  6.0180988299999996 14.4924261300000001 
