 3  1  1 E -0.0E+0 DE 0.0E+0( 1) 
 8.96536240000000006E+00 0.00000000000000000E+00 0.00000000000000000E+00 
 4.47614728695973607E+00 7.76800028506544038E+00 0.00000000000000000E+00 
 0.00000000000000000E+00 0.00000000000000000E+00 1.46387584600000000E+01 
  1 
 1.00000000000000000E+00 0.00000000000000000E+00 0.00000000000000000E+00 
 0.00000000000000000E+00 1.00000000000000000E+00 0.00000000000000000E+00 
 0.00000000000000000E+00 0.00000000000000000E+00 1.00000000000000000E+00 
 0.00000000000000000E+00 0.00000000000000000E+00 0.00000000000000000E+00 
       96 
    8   4.4567133900000000  2.5788719000000002  4.1224342199999997 
    8   2.2593363100000001  1.3066101400000001  0.4661263900000000 
    1   5.2719240200000002  2.1379416600000001  3.7843279299999999 
    1   1.4461006500000000  1.7497835900000001  0.1260619200000000 
    1   4.4869569699999996  3.4988249100000002  3.7839188400000001 
    1   2.2341101900000000  0.3832033700000000  0.1214707300000000 
    8   2.2176057800000000  1.2812200199999999  3.2097678500000000 
    8   4.4996239500000001  2.5946848700000000  6.8689615100000001 
    1   2.2334515000000001  1.2937210500000000  2.2308295700000000 
    1   4.4834818800000003  2.5914718200000002  5.8813720700000003 
    1   3.0329551700000001  1.7516307700000000  3.5113639299999999 
    1   3.6878992199999998  2.1333105699999999  7.1670165800000003 
    8   4.4631891899999996  2.5771210099999999 11.4441710299999997 
    8   2.2529766599999999  1.3043435800000001  7.7824799699999998 
    1   5.2745011999999996  2.1351561700000001 11.0960245900000007 
    1   1.4406674900000001  1.7498919100000001  7.4409811799999996 
    1   4.4891336600000002  3.5009093700000000 11.1031697900000008 
    1   2.2345541400000002  0.3782679800000000  7.4414483100000002 
    8   2.2207898699999999  1.2868244799999999 10.5291514599999996 
    8   4.5002617699999998  2.6002439000000002 14.1883878699999997 
    1   2.2389272700000000  1.2972181199999999  9.5382651099999993 
    1   4.4833206900000002  2.5828204299999999 13.2059151999999997 
    1   3.0284063899999998  1.7501899299999999 10.8279384800000003 
    1   3.6884181100000002  2.1342916500000002 14.4891739400000006 
    8   6.6998626100000003  6.4663029400000003  4.1207911499999996 
    8   4.4929622100000000  5.1883408299999996  0.4632235100000000 
    1   7.5096622300000000  6.0191792399999997  3.7835772300000001 
    1   3.6831047600000000  5.6322958600000002  0.1276449300000000 
    1   6.7213265699999996  7.3842270599999997  3.7806183000000000 
    1   4.4742949300000001  4.2645224099999997  0.1226497500000000 
    8   4.4538361000000002  5.1648339099999996  3.2093061500000002 
    8   6.7382858099999998  6.4816129599999996  6.8695203400000002 
    1   4.4755865999999997  5.1792502400000000  2.2302895999999999 
    1   6.7173308499999997  6.4710083899999997  5.8847887500000002 
    1   5.2687628899999996  5.6375067699999999  3.5150696899999998 
    1   5.9256680199999998  6.0198605699999996  7.1758507900000001 
    8   6.7010198200000000  6.4637009900000004 11.4398877599999995 
    8   4.4975369900000004  5.1838846600000004  7.7831101499999997 
    1   7.5085739000000000  6.0228617800000004 11.1087994999999999 
    1   3.6846003899999999  5.6311106600000000  7.4466093899999999 
    1   6.7147017599999996  7.3822754799999997 11.1021432400000002 
    1   4.4755311400000002  4.2682403400000002  7.4422169399999998 
    8   4.4597140399999997  5.1670989100000000 10.5272633800000008 
    8   6.7414268000000002  6.4920330699999997 14.1904126000000002 
    1   4.4764865299999999  5.1765950099999998  9.5462544200000004 
    1   6.7185852300000004  6.4698535399999999 13.2044654599999998 
    1   5.2723541999999997  5.6395229100000002 10.8308249500000002 
    1   5.9265155299999996  6.0130092900000003 14.4951945400000000 
    8   8.9428479999999997  2.5785447600000002  4.1234890799999997 
    8   6.7402912300000004  1.3081443100000001  0.4620380300000000 
    1   9.7607920499999992  2.1352409099999998  3.7832993899999998 
    1   5.9295492000000003  1.7499470500000001  0.1225116600000000 
    1   8.9598637900000000  3.4994043600000002  3.7861867299999998 
    1   6.7200141400000000  0.3834665500000000  0.1235309500000000 
    8   6.7044325000000002  1.2839717700000000  3.2054323100000000 
    8   8.9842314900000009  2.6037045399999998  6.8680662999999997 
    1   6.7251202699999997  1.2904203700000001  2.2240932899999999 
    1   8.9590734399999992  2.5895424000000000  5.8878381199999996 
    1   7.5181597599999996  1.7544883300000000  3.5109516699999999 
    1   8.1693557400000003  2.1348482400000002  7.1722313000000000 
    8   8.9458395700000004  2.5810322999999999 11.4398346300000000 
    8   6.7426663500000004  1.3059786099999999  7.7800972599999998 
    1   9.7582836700000009  2.1387782400000002 11.1034801800000000 
    1   5.9322460000000001  1.7519885600000000  7.4453532800000000 
    1   8.9717780200000004  3.5014872000000001 11.0978298800000008 
    1   6.7167960700000000  0.3775602600000000  7.4526811999999998 
    8   6.7051085199999996  1.2800721300000000 10.5286021499999993 
    8   8.9859477400000003  2.6009385100000002 14.1904273799999991 
    1   6.7206685100000003  1.2967440299999999  9.5442564700000005 
    1   8.9633277299999996  2.5890252999999999 13.2066872499999999 
    1   7.5133902099999998  1.7560707099999999 10.8319088299999997 
    1   8.1706548399999992  2.1303071299999998 14.4914745899999993 
    8  11.1869914300000008  6.4704524899999996  4.1255463099999998 
    8   8.9781545499999993  5.1901775499999996  0.4628817500000000 
    1  11.9984514999999998  6.0201560399999998  3.7843691599999998 
    1   8.1725709099999992  5.6315147100000003  0.1203958500000000 
    1  11.2058534200000004  7.3851878600000003  3.7791733900000000 
    1   8.9596411899999993  4.2648605300000000  0.1249303800000000 
    8   8.9416194299999994  5.1701558600000004  3.2137027800000002 
    8  11.2193341899999997  6.4770752600000003  6.8655390000000001 
    1   8.9593715100000004  5.1770179699999996  2.2244103399999999 
    1  11.2009688100000009  6.4750421500000002  5.8807155800000004 
    1   9.7538285800000004  5.6356950899999996  3.5123075600000000 
    1  10.4106912499999993  6.0192189400000000  7.1626497300000000 
    8  11.1814137700000007  6.4641961800000001 11.4381230499999997 
    8   8.9865172100000006  5.1872701399999999  7.7813904100000002 
    1  11.9886667599999992  6.0197265900000003 11.1036105000000003 
    1   8.1710899099999992  5.6338889099999996  7.4439233900000001 
    1  11.2096656100000001  7.3811561299999999 11.1041965000000005 
    1   8.9619058999999996  4.2660287700000001  7.4454370900000004 
    8   8.9380094299999993  5.1667969600000001 10.5292871199999993 
    8  11.2255869199999996  6.4894521000000003 14.1850639800000007 
    1   8.9672202399999996  5.1775103500000004  9.5449278799999995 
    1  11.2035394900000007  6.4719046999999996 13.1972977100000008 
    1   9.7542936800000000  5.6310332699999996 10.8330910500000002 
    1  10.4072552599999995  6.0153867200000004 14.4883856400000006 
