 3  1  1 E -0.0E+0 DE 0.0E+0( 1) 
 8.96536240000000006E+00 0.00000000000000000E+00 0.00000000000000000E+00 
 4.47614728695973607E+00 7.76800028506544038E+00 0.00000000000000000E+00 
 0.00000000000000000E+00 0.00000000000000000E+00 1.46387584600000000E+01 
  1 
 1.00000000000000000E+00 0.00000000000000000E+00 0.00000000000000000E+00 
 0.00000000000000000E+00 1.00000000000000000E+00 0.00000000000000000E+00 
 0.00000000000000000E+00 0.00000000000000000E+00 1.00000000000000000E+00 
 0.00000000000000000E+00 0.00000000000000000E+00 0.00000000000000000E+00 
       96 
    8   4.4615381200000002  2.5761739800000001  4.1282936399999999 
    8   2.2580174500000001  1.3043389299999999  0.4642213500000000 
    1   5.2704093600000004  2.1395747400000000  3.7842351700000001 
    1   1.4411330899999999  1.7546256099999999  0.1219365700000000 
    1   4.4840140699999997  3.5001134199999999  3.7831765300000000 
    1   2.2400469300000001  0.3805182000000000  0.1258345400000000 
    8   2.2234065699999999  1.2816143400000000  3.2080097300000001 
    8   4.5067694300000003  2.6021107500000000  6.8727760099999999 
    1   2.2396615999999998  1.2933435300000000  2.2261237199999999 
    1   4.4758869600000004  2.5919690800000001  5.8885626699999998 
    1   3.0308024599999999  1.7508263700000000  3.5089597399999999 
    1   3.6893444999999998  2.1287112300000000  7.1652857200000000 
    8   4.4625523800000000  2.5779804400000002 11.4408837400000003 
    8   2.2633896199999999  1.3041661700000000  7.7852118199999998 
    1   5.2731017500000004  2.1333775400000001 11.0972517800000006 
    1   1.4415207500000000  1.7541152400000000  7.4421092800000004 
    1   4.4822053500000001  3.5025227600000002 11.0991362700000007 
    1   2.2395880799999999  0.3780901900000000  7.4426448399999998 
    8   2.2269360400000000  1.2826907999999999 10.5348162999999992 
    8   4.4974323700000003  2.5976428700000000 14.1854385900000004 
    1   2.2443048999999999  1.2921275200000000  9.5443707500000006 
    1   4.4819936900000004  2.5871850400000000 13.2088218800000003 
    1   3.0348524000000001  1.7467461300000000 10.8267882699999998 
    1   3.6877682699999998  2.1310995300000002 14.4886482399999998 
    8   6.6979464300000000  6.4627775600000001  4.1316207299999999 
    8   4.4972011600000004  5.1894007799999997  0.4640555900000000 
    1   7.5080001799999998  6.0156127200000000  3.7857927800000000 
    1   3.6828477999999998  5.6305340099999999  0.1253617200000000 
    1   6.7276401500000000  7.3789705999999997  3.7823562399999999 
    1   4.4756902099999998  4.2661346900000003  0.1277975800000000 
    8   4.4601220699999997  5.1691914299999997  3.2119495599999999 
    8   6.7369240799999996  6.4837738299999996  6.8741331600000004 
    1   4.4843274700000002  5.1847566100000000  2.2292362899999998 
    1   6.7139137499999997  6.4693131900000003  5.8851457700000003 
    1   5.2763201500000001  5.6349161199999998  3.5104724400000000 
    1   5.9243914499999999  6.0118504200000000  7.1665241999999996 
    8   6.7056626000000001  6.4590057500000002 11.4401231699999997 
    8   4.4963161100000004  5.1906159799999996  7.7868799199999996 
    1   7.5110649199999999  6.0200904800000004 11.1039184100000003 
    1   3.6826383100000002  5.6292148800000001  7.4476934999999997 
    1   6.7201261299999997  7.3818686099999997 11.1025503699999994 
    1   4.4788316200000002  4.2618559899999999  7.4446548500000000 
    8   4.4609878399999996  5.1662195700000000 10.5304763700000006 
    8   6.7393806600000001  6.4850972300000000 14.1938188600000004 
    1   4.4803426699999997  5.1750520000000000  9.5445182499999994 
    1   6.7213006100000001  6.4724090099999998 13.2038760400000008 
    1   5.2649392400000004  5.6356573699999997 10.8318262799999996 
    1   5.9322708200000003  6.0135477399999999 14.4899264799999994 
    8   8.9448417599999992  2.5793497400000001  4.1255859800000003 
    8   6.7386826299999996  1.3074364900000000  0.4563948100000000 
    1   9.7584535500000005  2.1349290600000002  3.7839681600000001 
    1   5.9343184600000001  1.7490055099999999  0.1226994000000000 
    1   8.9685059299999992  3.5025460599999998  3.7846422300000002 
    1   6.7237570800000004  0.3844205800000000  0.1267306600000000 
    8   6.7029480699999997  1.2821501099999999  3.2137005400000000 
    8   8.9882759100000005  2.6012337500000000  6.8703797299999998 
    1   6.7182570200000002  1.2972489899999999  2.2213014499999999 
    1   8.9657620900000001  2.5900607400000002  5.8870289800000002 
    1   7.5123952200000002  1.7575497200000001  3.5039769700000001 
    1   8.1690577199999996  2.1327428799999999  7.1642039799999999 
    8   8.9459329400000005  2.5735025800000000 11.4442512000000001 
    8   6.7402956600000001  1.3063028699999999  7.7861689700000003 
    1   9.7574040800000006  2.1373688500000001 11.1027938200000005 
    1   5.9284976199999999  1.7500140099999999  7.4457812099999998 
    1   8.9707270599999998  3.5027345200000002 11.0980922700000004 
    1   6.7169073800000003  0.3795509800000000  7.4427910900000001 
    8   6.7070993200000002  1.2866460099999999 10.5327722900000005 
    8   8.9818557699999992  2.6008591399999998 14.1882568399999993 
    1   6.7200062200000001  1.2950271200000001  9.5457099599999999 
    1   8.9613092099999996  2.5909316599999999 13.2013504699999995 
    1   7.5134102100000000  1.7538052200000001 10.8305476499999997 
    1   8.1664132600000006  2.1321964599999998 14.4928135099999995 
    8  11.1819004300000007  6.4610144600000003  4.1242056099999997 
    8   8.9810137099999992  5.1899583299999996  0.4562837700000000 
    1  11.9929486900000004  6.0216416199999996  3.7902914200000000 
    1   8.1698896500000000  5.6336285300000002  0.1210338700000000 
    1  11.2090364099999995  7.3844099400000003  3.7859747000000001 
    1   8.9562386200000006  4.2645959299999996  0.1234936000000000 
    8   8.9402938699999996  5.1668705900000003  3.2125103099999999 
    8  11.2203577200000009  6.4820197500000001  6.8731311000000002 
    1   8.9568182200000006  5.1743144000000001  2.2239734000000002 
    1  11.2045372099999998  6.4708688900000002  5.8821946599999997 
    1   9.7552228599999999  5.6347678700000001  3.5054277400000000 
    1  10.4054589600000007  6.0186876399999996  7.1725924900000004 
    8  11.1733712799999996  6.4691450699999997 11.4417540300000002 
    8   8.9767894500000001  5.1865547599999999  7.7807086400000003 
    1  11.9920301899999995  6.0184748399999997 11.1007869299999999 
    1   8.1639675000000000  5.6296641400000000  7.4462635600000002 
    1  11.2014015800000006  7.3876609200000001 11.1016658499999998 
    1   8.9579511899999993  4.2714555100000000  7.4408594199999998 
    8   8.9448343300000008  5.1706087700000003 10.5290114399999997 
    8  11.2226342199999998  6.4818885799999997 14.1880589900000000 
    1   8.9584983099999995  5.1781060800000001  9.5416498700000005 
    1  11.1997870200000005  6.4724842300000001 13.2068182299999997 
    1   9.7523743399999994  5.6341247000000001 10.8277146500000008 
    1  10.4106915000000004  6.0172971100000003 14.4876576799999999 
