 3  1  1 E -0.0E+0 DE 0.0E+0( 1) 
 8.96536240000000006E+00 0.00000000000000000E+00 0.00000000000000000E+00 
 4.47614728695973607E+00 7.76800028506544038E+00 0.00000000000000000E+00 
 0.00000000000000000E+00 0.00000000000000000E+00 1.46387584600000000E+01 
  1 
 1.00000000000000000E+00 0.00000000000000000E+00 0.00000000000000000E+00 
 0.00000000000000000E+00 1.00000000000000000E+00 0.00000000000000000E+00 
 0.00000000000000000E+00 0.00000000000000000E+00 1.00000000000000000E+00 
 0.00000000000000000E+00 0.00000000000000000E+00 0.00000000000000000E+00 
       96 
    8   4.4630417800000002  2.5802169899999998  4.1192485200000002 
    8   2.2595607700000002  1.3050516599999999  0.4622720600000000 
    1   5.2727308500000003  2.1411719400000000  3.7901018700000000 
    1   1.4516763800000001  1.7557247199999999  0.1248656300000000 
    1   4.4851730600000002  3.5029122099999999  3.7805374700000001 
    1   2.2418977199999999  0.3806014200000000  0.1250537300000000 
    8   2.2244432199999999  1.2818698100000001  3.2133545400000001 
    8   4.4967653099999998  2.6037291900000001  6.8683618900000001 
    1   2.2391450300000000  1.2929832299999999  2.2269626900000001 
    1   4.4796242599999996  2.5942622100000001  5.8821906799999999 
    1   3.0270131400000002  1.7590768699999999  3.5046553500000002 
    1   3.6910198099999998  2.1300481699999998  7.1646887000000001 
    8   4.4681526199999997  2.5784844900000001 11.4411921700000008 
    8   2.2550512299999999  1.3037979399999999  7.7781875800000000 
    1   5.2756229000000001  2.1365873400000002 11.1071605499999997 
    1   1.4436496200000000  1.7439598300000001  7.4464433300000001 
    1   4.4907122199999998  3.5001047700000001 11.1067265299999995 
    1   2.2320679999999999  0.3828046100000000  7.4479603699999997 
    8   2.2244427500000001  1.2845053000000000 10.5330095799999999 
    8   4.5012347400000001  2.6028431099999998 14.1891161799999992 
    1   2.2378249100000001  1.2958164400000001  9.5459750400000001 
    1   4.4762850800000002  2.5880331700000001 13.2024994600000003 
    1   3.0323710500000001  1.7518535600000000 10.8288572100000007 
    1   3.6950768200000002  2.1255521700000002 14.4916966800000004 
    8   6.7042517000000004  6.4614205399999998  4.1202994799999999 
    8   4.4993084799999998  5.1855007400000002  0.4631423000000000 
    1   7.5153680200000004  6.0170795300000002  3.7822741600000001 
    1   3.6828240299999999  5.6353493200000004  0.1228864100000000 
    1   6.7188676400000000  7.3868363600000002  3.7854320800000001 
    1   4.4771583399999999  4.2643481999999997  0.1291138600000000 
    8   4.4622270400000001  5.1690877400000002  3.2097144499999999 
    8   6.7341648200000002  6.4890948699999997  6.8680844499999996 
    1   4.4804195399999998  5.1777992099999999  2.2251335499999998 
    1   6.7147518899999996  6.4691844700000001  5.8889222099999996 
    1   5.2686447500000000  5.6364915299999998  3.5108627200000000 
    1   5.9266369399999999  6.0096154899999998  7.1725101300000000 
    8   6.7069248799999999  6.4557729200000002 11.4406910199999992 
    8   4.4959235499999997  5.1909409200000001  7.7873989600000000 
    1   7.5091552300000002  6.0191641599999999 11.1075408299999996 
    1   3.6880714000000001  5.6291867800000004  7.4477536200000003 
    1   6.7202175700000000  7.3867023999999999 11.1036812000000005 
    1   4.4730206800000003  4.2709640499999999  7.4431327500000002 
    8   4.4572561799999999  5.1689444499999997 10.5256602899999994 
    8   6.7363754900000004  6.4839998300000001 14.1836424000000001 
    1   4.4798357900000001  5.1729289100000004  9.5460055599999993 
    1   6.7220342000000004  6.4736588499999996 13.2105245399999998 
    1   5.2698737500000004  5.6310801799999997 10.8288276400000001 
    1   5.9278021100000000  6.0159834500000002 14.4897557999999993 
    8   8.9432882899999999  2.5817420699999998  4.1179237200000003 
    8   6.7463636899999999  1.3054143000000000  0.4714778100000000 
    1   9.7558967600000006  2.1369003499999999  3.7846861900000000 
    1   5.9285054600000002  1.7521456600000000  0.1283604300000000 
    1   8.9656539500000001  3.5013574400000000  3.7853942200000001 
    1   6.7260487500000004  0.3782100400000000  0.1277801200000000 
    8   6.7043181699999996  1.2816261600000001  3.2130941200000001 
    8   8.9809501899999997  2.5992188299999999  6.8711482600000000 
    1   6.7280845600000001  1.2946761400000000  2.2270947300000001 
    1   8.9658899800000000  2.5905447599999998  5.8814104000000000 
    1   7.5140862500000001  1.7501633000000001  3.5065209600000000 
    1   8.1724107999999998  2.1364113599999999  7.1749222200000000 
    8   8.9426513900000000  2.5744113400000002 11.4395507900000002 
    8   6.7439561699999997  1.3030289100000001  7.7862115000000003 
    1   9.7643183699999998  2.1329450599999999 11.1040484700000004 
    1   5.9310132700000002  1.7463743300000001  7.4466305899999998 
    1   8.9656852699999998  3.4991000900000002 11.1080927999999997 
    1   6.7206086300000001  0.3842554100000000  7.4432218600000004 
    8   6.7047177199999997  1.2884030500000001 10.5304467600000002 
    8   8.9810161300000004  2.6011239200000000 14.1892668000000004 
    1   6.7194088199999999  1.2917776000000001  9.5451762700000007 
    1   8.9635997199999995  2.5878684500000002 13.2027750699999995 
    1   7.5126394899999998  1.7579956400000001 10.8291601600000007 
    1   8.1634134399999994  2.1300868199999998 14.4880379000000001 
    8  11.1809658100000000  6.4626705900000001  4.1226981900000004 
    8   8.9747652500000008  5.1905925699999997  0.4678413400000000 
    1  11.9891460199999997  6.0204300499999999  3.7832557400000000 
    1   8.1742696499999994  5.6262333599999996  0.1200687600000000 
    1  11.2011141700000003  7.3835875199999998  3.7814635399999998 
    1   8.9548707299999997  4.2640978499999997  0.1251140700000000 
    8   8.9401102699999999  5.1702874899999998  3.2128085899999999 
    8  11.2204289700000004  6.4871408199999996  6.8679482800000002 
    1   8.9592614499999996  5.1792873999999998  2.2303082700000001 
    1  11.1995086300000004  6.4799876000000003  5.8869976599999996 
    1   9.7519761299999992  5.6371756599999996  3.5053867900000002 
    1  10.4071086299999997  6.0129800400000004  7.1746883099999996 
    8  11.1818216400000008  6.4669100400000001 11.4426501199999997 
    8   8.9833556600000009  5.1871317299999999  7.7812712399999997 
    1  11.9969870000000007  6.0241988299999996 11.1026731000000005 
    1   8.1650888100000003  5.6327804900000000  7.4469418899999997 
    1  11.2049208500000006  7.3820826300000002 11.0959428800000008 
    1   8.9559527800000005  4.2741402900000001  7.4413738499999997 
    8   8.9382988099999992  5.1631930400000003 10.5337662299999995 
    8  11.2212104600000000  6.4802429100000003 14.1882697699999998 
    1   8.9627488900000003  5.1811828300000000  9.5507001900000006 
    1  11.2032571700000005  6.4765299599999997 13.2072694700000000 
    1   9.7455021700000000  5.6353347500000002 10.8329868800000000 
    1  10.4101406700000005  6.0147557300000001 14.4896931599999998 
