 3  1  1 E -0.0E+0 DE 0.0E+0( 1) 
 8.96536240000000006E+00 0.00000000000000000E+00 0.00000000000000000E+00 
 4.47614728695973607E+00 7.76800028506544038E+00 0.00000000000000000E+00 
 0.00000000000000000E+00 0.00000000000000000E+00 1.46387584600000000E+01 
  1 
 1.00000000000000000E+00 0.00000000000000000E+00 0.00000000000000000E+00 
 0.00000000000000000E+00 1.00000000000000000E+00 0.00000000000000000E+00 
 0.00000000000000000E+00 0.00000000000000000E+00 1.00000000000000000E+00 
 0.00000000000000000E+00 0.00000000000000000E+00 0.00000000000000000E+00 
       96 
    8   4.4626322299999996  2.5807135099999998  4.1221098300000003 
    8   2.2521396999999999  1.3090880300000001  0.4622768500000000 
    1   5.2694206399999999  2.1349314800000001  3.7890931900000000 
    1   1.4487491100000001  1.7451231100000000  0.1251980200000000 
    1   4.4829458899999999  3.5031017800000002  3.7828074100000002 
    1   2.2358391100000001  0.3819714100000000  0.1240790000000000 
    8   2.2207225300000002  1.2869757200000000  3.2128771100000000 
    8   4.4985566600000002  2.5981956600000000  6.8732723399999998 
    1   2.2428441000000001  1.2916932800000001  2.2226558500000002 
    1   4.4795971100000003  2.5853240899999999  5.8833767799999999 
    1   3.0296484900000000  1.7530399500000000  3.5088708700000000 
    1   3.6903750199999998  2.1303496200000001  7.1692438899999997 
    8   4.4588637799999997  2.5801032799999999 11.4401306399999996 
    8   2.2630409199999999  1.3079011899999999  7.7835164900000002 
    1   5.2679046899999999  2.1380725699999998 11.1021866800000009 
    1   1.4429054800000001  1.7461285499999999  7.4407280199999999 
    1   4.4807868500000003  3.5032547200000002 11.0959140699999992 
    1   2.2382450299999999  0.3768771400000000  7.4486012900000000 
    8   2.2227164699999999  1.2801092800000000 10.5301270400000000 
    8   4.4958729300000000  2.6012928600000000 14.1877670899999995 
    1   2.2392089400000001  1.2913744199999999  9.5477778900000008 
    1   4.4850789600000001  2.5866060300000000 13.2070058499999998 
    1   3.0348342900000000  1.7548417400000000 10.8312680700000001 
    1   3.6878427600000001  2.1375418100000001 14.4908245600000001 
    8   6.6951922599999998  6.4597964000000001  4.1204683099999997 
    8   4.4946105200000002  5.1870784399999996  0.4634183700000000 
    1   7.5095608800000004  6.0154260900000001  3.7806878600000000 
    1   3.6871176399999999  5.6298065299999998  0.1160828900000000 
    1   6.7175064600000001  7.3876714400000001  3.7864457400000000 
    1   4.4737177900000002  4.2687522700000002  0.1256253100000000 
    8   4.4567551600000002  5.1666388799999998  3.2095592700000002 
    8   6.7343678100000002  6.4856113600000000  6.8684748400000002 
    1   4.4758036199999998  5.1789696599999999  2.2247098599999999 
    1   6.7197516899999998  6.4700032500000004  5.8907164800000000 
    1   5.2710964200000001  5.6405109600000003  3.5092265500000002 
    1   5.9235963600000003  6.0203495199999999  7.1691559900000001 
    8   6.6990850499999999  6.4655680999999996 11.4403286400000006 
    8   4.4887585500000000  5.1854698199999998  7.7874564399999997 
    1   7.5137258300000003  6.0190681200000000 11.1076213599999996 
    1   3.6877187199999999  5.6311412199999999  7.4427702599999996 
    1   6.7214696399999996  7.3844065700000003 11.1081333999999998 
    1   4.4729259800000003  4.2643493299999999  7.4495956699999999 
    8   4.4596761999999996  5.1675967099999998 10.5320541500000004 
    8   6.7372932399999996  6.4834578299999999 14.1895959499999993 
    1   4.4809946099999998  5.1752399899999997  9.5454381399999999 
    1   6.7199901799999999  6.4723174300000004 13.2069831400000002 
    1   5.2704800000000001  5.6353484800000002 10.8274118300000008 
    1   5.9234258400000002  6.0143349700000002 14.4911639099999991 
    8   8.9452020999999995  2.5790089300000001  4.1205679699999997 
    8   6.7453663400000003  1.3045753000000000  0.4583516700000000 
    1   9.7594656999999998  2.1357747400000000  3.7828893300000002 
    1   5.9317854399999996  1.7505545499999999  0.1198357800000000 
    1   8.9708877699999992  3.4996039799999998  3.7855298999999998 
    1   6.7229048699999998  0.3777152100000000  0.1249899800000000 
    8   6.7011961900000001  1.2827461700000000  3.2093766800000001 
    8   8.9830234200000003  2.6072493899999998  6.8641115199999998 
    1   6.7205935500000002  1.2948937400000000  2.2237350299999998 
    1   8.9565131900000008  2.5898950500000000  5.8870512399999999 
    1   7.5169940200000003  1.7563168300000001  3.5062885800000001 
    1   8.1726203399999999  2.1334334400000001  7.1692422699999998 
    8   8.9539156799999997  2.5798845699999999 11.4394711600000001 
    8   6.7376592300000002  1.3043501000000000  7.7821900399999997 
    1   9.7598728399999999  2.1371619599999998 11.1024646400000009 
    1   5.9298295699999999  1.7550529200000000  7.4418800899999997 
    1   8.9648369799999994  3.5058975499999998 11.1073779199999993 
    1   6.7169081899999998  0.3813765700000000  7.4464865800000002 
    8   6.7060618500000002  1.2874186000000001 10.5289613699999993 
    8   8.9884560300000000  2.5964972199999998 14.1883986899999996 
    1   6.7174959200000002  1.2990968700000001  9.5415185000000005 
    1   8.9601943300000002  2.5894233400000002 13.2083469499999993 
    1   7.5074891299999997  1.7544677700000000 10.8264644899999993 
    1   8.1706073400000001  2.1351365300000000 14.4901136299999997 
    8  11.1704970800000005  6.4607208700000003  4.1134686399999998 
    8   8.9841947700000002  5.1872648699999999  0.4565645000000000 
    1  11.9963797700000008  6.0221407500000002  3.7797109899999999 
    1   8.1700375600000008  5.6333291299999999  0.1238369800000000 
    1  11.2073353299999994  7.3872113199999996  3.7845369099999999 
    1   8.9540126000000004  4.2706514799999997  0.1211057800000000 
    8   8.9412600599999994  5.1627858099999999  3.2140069200000001 
    8  11.2224288199999993  6.4827591900000003  6.8740018300000001 
    1   8.9665745700000006  5.1791029699999998  2.2292366600000002 
    1  11.1998461299999992  6.4736107799999996  5.8878176800000004 
    1   9.7632721000000000  5.6383701400000001  3.5129920800000001 
    1  10.4081030699999992  6.0200006500000001  7.1699418799999997 
    8  11.1806973400000000  6.4643571299999998 11.4383623100000005 
    8   8.9810029799999995  5.1879933700000000  7.7729403100000001 
    1  11.9924639299999996  6.0223540499999997 11.1083343100000000 
    1   8.1741944899999996  5.6311592099999999  7.4478870300000004 
    1  11.2034170100000008  7.3871721399999997 11.1025627900000003 
    1   8.9613445400000007  4.2650765699999997  7.4467330100000000 
    8   8.9426300300000001  5.1695283300000003 10.5333244599999993 
    8  11.2264146100000008  6.4834921100000003 14.1909439400000004 
    1   8.9605589699999992  5.1840583499999999  9.5454646699999994 
    1  11.2037548600000001  6.4734019199999997 13.1970610599999993 
    1   9.7559185900000003  5.6382445199999998 10.8237906899999992 
    1  10.4056520999999993  6.0180390099999999 14.4883202699999991 
