 3  1  1 E -0.0E+0 DE 0.0E+0( 1) 
 8.96536240000000006E+00 0.00000000000000000E+00 0.00000000000000000E+00 
 4.47614728695973607E+00 7.76800028506544038E+00 0.00000000000000000E+00 
 0.00000000000000000E+00 0.00000000000000000E+00 1.46387584600000000E+01 
  1 
 1.00000000000000000E+00 0.00000000000000000E+00 0.00000000000000000E+00 
 0.00000000000000000E+00 1.00000000000000000E+00 0.00000000000000000E+00 
 0.00000000000000000E+00 0.00000000000000000E+00 1.00000000000000000E+00 
 0.00000000000000000E+00 0.00000000000000000E+00 0.00000000000000000E+00 
       96 
    8   4.4609236900000004  2.5729454199999999  4.1245001400000003 
    8   2.2577347500000000  1.2996059600000001  0.4648657000000000 
    1   5.2768320500000003  2.1298944999999998  3.7787917499999999 
    1   1.4512146100000001  1.7500637800000001  0.1193940400000000 
    1   4.4862211099999998  3.5010835000000000  3.7869675599999999 
    1   2.2362573200000000  0.3807086300000000  0.1248008700000000 
    8   2.2205341800000000  1.2823527900000000  3.2062650000000001 
    8   4.4928137200000000  2.6040696099999998  6.8750719100000000 
    1   2.2444855600000002  1.2926966799999999  2.2283419699999998 
    1   4.4722820499999996  2.5871440899999998  5.8829414199999999 
    1   3.0319140700000000  1.7476538100000001  3.5063557400000001 
    1   3.6854875499999999  2.1318435600000001  7.1680403600000000 
    8   4.4675163299999996  2.5785891699999999 11.4433664299999993 
    8   2.2562324899999999  1.3065813300000000  7.7866063600000004 
    1   5.2756739699999997  2.1365667799999999 11.0984957200000007 
    1   1.4474044399999999  1.7510576300000000  7.4468620300000001 
    1   4.4842449200000001  3.5022807000000000 11.1052917699999991 
    1   2.2409092300000002  0.3796069400000000  7.4429673799999998 
    8   2.2238978299999999  1.2870145399999999 10.5313816599999992 
    8   4.5020579200000004  2.6018550199999999 14.1909216800000006 
    1   2.2406415200000001  1.2970408099999999  9.5439917899999998 
    1   4.4780840399999997  2.5901689200000000 13.2051135199999994 
    1   3.0312172400000001  1.7534336300000000 10.8288732900000007 
    1   3.6842327199999998  2.1274529300000000 14.4879310199999995 
    8   6.7002763700000001  6.4601472299999996  4.1183646800000000 
    8   4.4899904099999999  5.1914332600000002  0.4652579900000000 
    1   7.5149054000000000  6.0202768100000004  3.7878662300000001 
    1   3.6828091600000001  5.6313026900000001  0.1192661200000000 
    1   6.7258357499999999  7.3835800899999997  3.7843732299999999 
    1   4.4786767000000003  4.2652816700000002  0.1201226000000000 
    8   4.4569113400000004  5.1682002300000001  3.2117621199999999 
    8   6.7402104800000000  6.4858313000000001  6.8690703099999997 
    1   4.4799291600000002  5.1838049200000000  2.2255268400000001 
    1   6.7183577100000003  6.4695085900000002  5.8792655399999996 
    1   5.2692559899999996  5.6345555100000002  3.5077242800000001 
    1   5.9267181200000003  6.0106640999999996  7.1714860800000002 
    8   6.6988876800000003  6.4630974700000001 11.4398452800000001 
    8   4.4976489099999997  5.1983266900000000  7.7813492000000002 
    1   7.5081018100000003  6.0233744299999996 11.1006468599999994 
    1   3.6840420200000001  5.6313253599999999  7.4379530599999999 
    1   6.7179692600000003  7.3811741599999996 11.1054151900000004 
    1   4.4724683699999996  4.2696447199999996  7.4398590499999999 
    8   4.4655143800000001  5.1653028699999997 10.5279736400000008 
    8   6.7342744899999998  6.4867438999999996 14.1884599100000006 
    1   4.4741879100000004  5.1713716700000001  9.5451262700000008 
    1   6.7140999800000003  6.4736522799999996 13.2065384699999999 
    1   5.2740190599999996  5.6354973700000004 10.8277682100000003 
    1   5.9266939100000000  6.0171871000000001 14.4847609599999991 
    8   8.9415312399999998  2.5736927999999999  4.1238178799999998 
    8   6.7397002800000001  1.3064628100000000  0.4665020700000000 
    1   9.7569660200000001  2.1352208500000001  3.7782271800000000 
    1   5.9271820899999996  1.7500600399999999  0.1269484800000000 
    1   8.9624676500000007  3.5035998400000001  3.7862374700000001 
    1   6.7159364200000002  0.3793143200000000  0.1230767800000000 
    8   6.7011099800000000  1.2812730200000000  3.2037307199999998 
    8   8.9851521200000004  2.6011686799999998  6.8683201800000004 
    1   6.7188374900000003  1.2996890699999999  2.2257008100000002 
    1   8.9603760399999999  2.5933248099999999  5.8929084600000001 
    1   7.5131356900000004  1.7528612400000001  3.5107051000000000 
    1   8.1728063399999993  2.1279978100000001  7.1669091600000003 
    8   8.9427485499999992  2.5796478700000001 11.4464092500000003 
    8   6.7436733999999996  1.3030508800000000  7.7810341300000001 
    1   9.7558862099999999  2.1342244799999999 11.1052170500000003 
    1   5.9296054600000003  1.7483852300000000  7.4424195600000003 
    1   8.9633915099999992  3.5017204500000001 11.1031029399999994 
    1   6.7194799300000003  0.3762292800000000  7.4479945200000000 
    8   6.7055865600000004  1.2860780999999999 10.5365977599999994 
    8   8.9811076700000001  2.6015102300000001 14.1859671899999995 
    1   6.7263673600000002  1.2927915100000000  9.5449053500000005 
    1   8.9625586500000001  2.5904592900000001 13.2040953000000005 
    1   7.5141290900000000  1.7517181900000001 10.8337345299999992 
    1   8.1680210100000004  2.1361350099999998 14.4934035399999992 
    8  11.1838500399999994  6.4626020500000001  4.1228054099999998 
    8   8.9804725399999992  5.1898670100000004  0.4607450700000000 
    1  11.9952591000000002  6.0201406799999999  3.7913741999999999 
    1   8.1685789900000003  5.6332604499999999  0.1245459400000000 
    1  11.2033273900000001  7.3908009899999998  3.7820709300000002 
    1   8.9614206000000003  4.2632388900000002  0.1157864400000000 
    8   8.9426826899999998  5.1648525000000003  3.2186636399999999 
    8  11.2237086700000006  6.4864990799999998  6.8685698100000003 
    1   8.9625537200000007  5.1800992499999996  2.2278629599999999 
    1  11.1992950499999999  6.4718238299999999  5.8849203799999996 
    1   9.7554730599999999  5.6322052700000000  3.5120507299999999 
    1  10.4068849900000000  6.0177351500000000  7.1667653700000002 
    8  11.1746695500000008  6.4575506699999998 11.4484255699999995 
    8   8.9774542299999993  5.1903351200000003  7.7843281199999996 
    1  11.9951587300000000  6.0220532000000002 11.0982880999999995 
    1   8.1696238000000001  5.6323349199999999  7.4485249199999997 
    1  11.2054263800000005  7.3901531299999998 11.1063884399999999 
    1   8.9589769500000003  4.2680195699999999  7.4480064500000003 
    8   8.9397078099999998  5.1670035900000002 10.5292969200000002 
    8  11.2158864900000008  6.4852846499999997 14.1874472800000007 
    1   8.9634430199999997  5.1778336400000002  9.5451811499999994 
    1  11.2021497700000001  6.4760099200000001 13.2073077699999999 
    1   9.7495522799999996  5.6379882600000002 10.8298500700000009 
    1  10.4103463499999993  6.0148343600000000 14.4874214699999992 
