 3  1  1 E -0.0E+0 DE 0.0E+0( 1) 
 8.96536240000000006E+00 0.00000000000000000E+00 0.00000000000000000E+00 
 4.47614728695973607E+00 7.76800028506544038E+00 0.00000000000000000E+00 
 0.00000000000000000E+00 0.00000000000000000E+00 1.46387584600000000E+01 
  1 
 1.00000000000000000E+00 0.00000000000000000E+00 0.00000000000000000E+00 
 0.00000000000000000E+00 1.00000000000000000E+00 0.00000000000000000E+00 
 0.00000000000000000E+00 0.00000000000000000E+00 1.00000000000000000E+00 
 0.00000000000000000E+00 0.00000000000000000E+00 0.00000000000000000E+00 
       96 
    8   4.4668285699999997  2.5843083500000001  4.1212732000000001 
    8   2.2546839599999999  1.3036443000000000  0.4647384500000000 
    1   5.2714640499999996  2.1349949200000000  3.7852388200000000 
    1   1.4523661200000000  1.7452961899999999  0.1280105200000000 
    1   4.4804112399999996  3.5008918100000002  3.7833803700000002 
    1   2.2336744500000001  0.3834042500000000  0.1253800200000000 
    8   2.2176237300000001  1.2830215899999999  3.2104734000000001 
    8   4.5002564800000000  2.6051780500000001  6.8720451799999998 
    1   2.2486861899999999  1.2936255200000000  2.2210569699999998 
    1   4.4789670599999996  2.5918257599999999  5.8892135300000001 
    1   3.0302232400000002  1.7507448100000000  3.5132398199999999 
    1   3.6928932300000001  2.1320736800000000  7.1716830700000003 
    8   4.4656551799999997  2.5797963799999999 11.4403366799999997 
    8   2.2613658800000001  1.3057680000000000  7.7842608100000001 
    1   5.2722204699999997  2.1406084600000002 11.0982136499999999 
    1   1.4474443500000000  1.7448394700000001  7.4463682400000000 
    1   4.4899469700000001  3.5011596500000000 11.1056368200000009 
    1   2.2367002899999999  0.3789072300000000  7.4441133199999996 
    8   2.2241797200000000  1.2871544300000000 10.5279945200000000 
    8   4.4973401500000003  2.6053344900000002 14.1937823499999993 
    1   2.2416523599999998  1.2951502100000001  9.5444899799999998 
    1   4.4797934100000001  2.5889854699999999 13.2019890100000001 
    1   3.0373476699999999  1.7471443300000000 10.8224749300000003 
    1   3.6919913100000001  2.1357114199999998 14.4868741700000001 
    8   6.7011006699999998  6.4638237700000003  4.1175214899999997 
    8   4.4963395700000000  5.1925088500000003  0.4615355200000000 
    1   7.5111341700000001  6.0202805399999999  3.7821262199999999 
    1   3.6858109400000001  5.6278951299999997  0.1269066100000000 
    1   6.7218641600000000  7.3846213199999999  3.7817003200000001 
    1   4.4717731799999996  4.2674467900000002  0.1275536000000000 
    8   4.4579941999999999  5.1634480299999996  3.2103351600000001 
    8   6.7411326699999998  6.4887851000000003  6.8682436500000001 
    1   4.4777306599999998  5.1802693499999997  2.2280532300000000 
    1   6.7190612300000003  6.4752746900000000  5.8864855599999997 
    1   5.2758358500000000  5.6352228300000000  3.5153123900000001 
    1   5.9254575799999998  6.0184390900000002  7.1686149700000001 
    8   6.6961419199999996  6.4599421399999999 11.4356183100000006 
    8   4.4943796300000001  5.1961837900000001  7.7833136500000002 
    1   7.5120231000000004  6.0145711500000001 11.1023373500000009 
    1   3.6832599699999999  5.6279981599999997  7.4437211699999999 
    1   6.7206157900000001  7.3821716400000001 11.1043907700000002 
    1   4.4774551699999998  4.2661008300000001  7.4533354300000001 
    8   4.4539561299999999  5.1712460000000000 10.5337829700000007 
    8   6.7353059499999999  6.4843792200000001 14.1867471799999993 
    1   4.4777565700000004  5.1745109600000001  9.5475995699999991 
    1   6.7199592900000003  6.4664672599999999 13.2024902100000006 
    1   5.2698294199999998  5.6386077999999999 10.8269859000000004 
    1   5.9253432300000002  6.0145862399999999 14.4882642300000004 
    8   8.9462891100000004  2.5758440399999998  4.1184158699999998 
    8   6.7454593999999997  1.3059133999999999  0.4611554100000000 
    1   9.7513885800000004  2.1337228499999998  3.7845523999999999 
    1   5.9282747400000000  1.7508063599999999  0.1230772200000000 
    1   8.9725739000000004  3.5046075900000000  3.7850443000000000 
    1   6.7199636099999998  0.3860011400000000  0.1242595600000000 
    8   6.7027124499999999  1.2822032699999999  3.2117954700000002 
    8   8.9827198999999993  2.5930338700000002  6.8696967799999999 
    1   6.7245476699999998  1.2966412400000000  2.2271316900000002 
    1   8.9620704999999994  2.5845199299999999  5.8850670799999998 
    1   7.5113747000000002  1.7512018100000000  3.5121060399999999 
    1   8.1701075700000008  2.1388663000000001  7.1724756000000003 
    8   8.9425186799999992  2.5827001799999998 11.4428670700000001 
    8   6.7427700399999999  1.3104919700000000  7.7823775299999998 
    1   9.7553751000000002  2.1356742199999998 11.1001402000000002 
    1   5.9326983699999998  1.7459614900000000  7.4427502600000004 
    1   8.9732529700000008  3.5044844600000000 11.1051495599999992 
    1   6.7194829499999997  0.3823564600000000  7.4480729300000004 
    8   6.7023809800000000  1.2841997400000000 10.5297489700000000 
    8   8.9797018800000004  2.5981302600000000 14.1916309100000007 
    1   6.7199567800000004  1.2937300100000000  9.5454779399999996 
    1   8.9669307299999996  2.5840738299999999 13.2057458000000008 
    1   7.5148175300000002  1.7590542700000000 10.8304745400000009 
    1   8.1761425100000000  2.1321943999999999 14.4957604399999997 
    8  11.1789296799999995  6.4643237999999998  4.1212044399999996 
    8   8.9761295000000008  5.1848206100000001  0.4632897300000000 
    1  11.9997726000000000  6.0248696600000002  3.7831189900000002 
    1   8.1662040600000001  5.6339872700000004  0.1187688600000000 
    1  11.1991621699999993  7.3836767600000002  3.7866873100000000 
    1   8.9584718300000006  4.2624961700000004  0.1228779300000000 
    8   8.9422293600000007  5.1654663200000002  3.2074120399999999 
    8  11.2176515899999991  6.4854950999999996  6.8712860800000000 
    1   8.9640414300000000  5.1700840799999996  2.2249959800000001 
    1  11.1997535799999994  6.4740836200000000  5.8865658300000003 
    1   9.7568871700000006  5.6342711699999999  3.5117264399999999 
    1  10.4083591700000007  6.0137822800000000  7.1686845400000001 
    8  11.1873031800000007  6.4618256699999996 11.4383352600000006 
    8   8.9799628200000008  5.1932042400000000  7.7794721500000001 
    1  11.9910267899999994  6.0257844100000000 11.1030732699999994 
    1   8.1669901399999993  5.6296021800000000  7.4428859899999997 
    1  11.2045585600000006  7.3863694799999999 11.1010579600000003 
    1   8.9621082100000002  4.2633332700000004  7.4464509000000003 
    8   8.9394676999999998  5.1686421800000000 10.5342870499999997 
    8  11.2246568500000006  6.4864195100000002 14.1920695400000003 
    1   8.9567456199999995  5.1787007400000000  9.5527059800000007 
    1  11.1988312800000003  6.4704307999999999 13.2017389999999999 
    1   9.7520221399999993  5.6287210300000003 10.8317176499999999 
    1  10.4138805199999993  6.0191732499999997 14.4872557600000000 
