 3  1  1 E -0.0E+0 DE 0.0E+0( 1) 
 8.96536240000000006E+00 0.00000000000000000E+00 0.00000000000000000E+00 
 4.47614728695973607E+00 7.76800028506544038E+00 0.00000000000000000E+00 
 0.00000000000000000E+00 0.00000000000000000E+00 1.46387584600000000E+01 
  1 
 1.00000000000000000E+00 0.00000000000000000E+00 0.00000000000000000E+00 
 0.00000000000000000E+00 1.00000000000000000E+00 0.00000000000000000E+00 
 0.00000000000000000E+00 0.00000000000000000E+00 1.00000000000000000E+00 
 0.00000000000000000E+00 0.00000000000000000E+00 0.00000000000000000E+00 
       96 
    8   4.4658505300000000  2.5808482800000001  4.1198643900000000 
    8   2.2591993700000002  1.3013422500000000  0.4624146900000000 
    1   5.2751832500000004  2.1375204999999999  3.7820390000000002 
    1   1.4459965500000000  1.7469994799999999  0.1240530600000000 
    1   4.4841464799999997  3.5046705399999998  3.7802432000000001 
    1   2.2380215699999999  0.3844475100000000  0.1192133700000000 
    8   2.2229151800000002  1.2829480000000000  3.2109892000000002 
    8   4.4935551199999999  2.5989439900000000  6.8733460400000004 
    1   2.2430847300000001  1.2941681100000000  2.2267684700000001 
    1   4.4815567900000000  2.5836026900000002  5.8870986900000002 
    1   3.0287037799999998  1.7512873000000000  3.5111208600000001 
    1   3.6902676200000002  2.1324406499999999  7.1707452099999998 
    8   4.4595873299999997  2.5828117000000002 11.4447355700000006 
    8   2.2621901100000001  1.3032040100000000  7.7784624800000000 
    1   5.2726803400000000  2.1323486200000001 11.1072562399999999 
    1   1.4523142800000000  1.7516800699999999  7.4428867299999997 
    1   4.4820577100000003  3.5006206299999998 11.0987539099999992 
    1   2.2393789900000001  0.3804430100000000  7.4401378700000000 
    8   2.2189661599999999  1.2793316600000000 10.5264752099999992 
    8   4.5029399000000003  2.6013131399999998 14.1927372700000003 
    1   2.2409379600000001  1.2980500300000000  9.5496879200000002 
    1   4.4857178500000003  2.5891615500000000 13.2047169899999997 
    1   3.0301863700000000  1.7512523099999999 10.8318748300000003 
    1   3.6923701000000002  2.1319271000000000 14.4892592199999992 
    8   6.6987598300000002  6.4655737400000000  4.1222795999999997 
    8   4.4937167499999999  5.1929436700000000  0.4603645400000000 
    1   7.5079546199999996  6.0203818199999999  3.7839712900000002 
    1   3.6858340400000000  5.6339101100000004  0.1261252100000000 
    1   6.7241978500000004  7.3839030799999996  3.7873529900000000 
    1   4.4756271700000001  4.2665027599999998  0.1305549200000000 
    8   4.4573429400000002  5.1673280400000001  3.2095682999999999 
    8   6.7398804600000002  6.4854543900000001  6.8743222199999998 
    1   4.4807541700000000  5.1811303400000002  2.2254190000000000 
    1   6.7207616500000000  6.4751754100000003  5.8782836900000000 
    1   5.2749964000000000  5.6391484800000002  3.5108990699999998 
    1   5.9258648999999997  6.0159283600000002  7.1754214200000002 
    8   6.6976166399999997  6.4595025000000001 11.4473113499999997 
    8   4.4961771600000002  5.1893067700000000  7.7836119400000001 
    1   7.5139443699999999  6.0182462200000000 11.1001965299999998 
    1   3.6899794199999998  5.6312575999999996  7.4486917600000000 
    1   6.7203720000000002  7.3846174199999997 11.1037973900000004 
    1   4.4739677999999996  4.2675293700000001  7.4406221700000001 
    8   4.4603335199999998  5.1732753100000002 10.5249530000000000 
    8   6.7397761799999998  6.4843166900000000 14.1948550900000008 
    1   4.4787477800000000  5.1749266900000004  9.5432045999999993 
    1   6.7213322399999997  6.4722321599999999 13.1996009700000005 
    1   5.2691552799999997  5.6340496599999996 10.8259404099999994 
    1   5.9258736299999999  6.0186640699999998 14.4913397499999999 
    8   8.9518993499999997  2.5783147600000000  4.1224319899999999 
    8   6.7450748699999998  1.3061233500000000  0.4595357200000000 
    1   9.7580278499999995  2.1339531300000001  3.7809195500000001 
    1   5.9349411400000003  1.7451477300000000  0.1246305100000000 
    1   8.9638382100000005  3.4993390099999999  3.7853297600000002 
    1   6.7182273700000001  0.3809700900000000  0.1257976300000000 
    8   6.7059591500000000  1.2860563700000001  3.2095905600000001 
    8   8.9883434700000002  2.6021339700000001  6.8713208200000002 
    1   6.7239025100000003  1.2921605500000000  2.2217723199999999 
    1   8.9613533800000003  2.5886333499999998  5.8883685500000000 
    1   7.5137616100000004  1.7542649800000001  3.5102793600000002 
    1   8.1770861099999994  2.1305156699999999  7.1674140499999996 
    8   8.9454460299999994  2.5774693900000001 11.4408452700000005 
    8   6.7410289600000004  1.3034496600000001  7.7854014400000002 
    1   9.7527311399999999  2.1360757499999998 11.1009772699999996 
    1   5.9265852600000004  1.7454491700000001  7.4443985799999997 
    1   8.9595242699999993  3.4997321000000001 11.1020080900000000 
    1   6.7200047600000001  0.3839202300000000  7.4402185799999998 
    8   6.7061170800000003  1.2763154699999999 10.5346890399999999 
    8   8.9837197199999999  2.5998303200000001 14.1892300299999992 
    1   6.7270599999999998  1.2925107400000000  9.5475234100000002 
    1   8.9648174100000002  2.5945922299999999 13.2006572099999993 
    1   7.5113081199999998  1.7498873399999999 10.8301454400000008 
    1   8.1703907900000008  2.1263503099999999 14.4882576099999998 
    8  11.1763148300000008  6.4662765599999998  4.1259499200000000 
    8   8.9808414699999997  5.1894162200000000  0.4599677300000000 
    1  11.9932079900000002  6.0208775399999999  3.7822533900000002 
    1   8.1668899699999997  5.6328858600000000  0.1199152600000000 
    1  11.2053968800000003  7.3879865599999999  3.7866829900000001 
    1   8.9537656900000009  4.2626676600000000  0.1154880300000000 
    8   8.9409495000000003  5.1650537099999996  3.2081010999999999 
    8  11.2215565599999998  6.4861218100000002  6.8667170999999998 
    1   8.9565043099999997  5.1799619200000002  2.2306342099999998 
    1  11.2046132099999998  6.4739095400000002  5.8886734799999996 
    1   9.7525492400000005  5.6378109800000002  3.5115006300000000 
    1  10.4052428399999997  6.0177491700000001  7.1676671399999998 
    8  11.1811657199999992  6.4651183200000002 11.4420389799999995 
    8   8.9866897800000007  5.1848877099999999  7.7811040699999996 
    1  11.9897055800000008  6.0237208600000001 11.1004515999999995 
    1   8.1676155999999995  5.6285822200000002  7.4410060500000004 
    1  11.2024128300000001  7.3905279799999999 11.1080029000000007 
    1   8.9602165100000004  4.2701083200000003  7.4482254100000000 
    8   8.9378318199999995  5.1718297000000000 10.5240552699999999 
    8  11.2188584799999997  6.4848943900000000 14.1897334199999996 
    1   8.9549044900000005  5.1793446899999998  9.5497935500000004 
    1  11.2021733900000005  6.4730462600000003 13.2075534799999996 
    1   9.7524014700000006  5.6360552899999998 10.8293836300000006 
    1  10.4073186100000008  6.0164505899999998 14.4895072299999992 
