 3  1  1 E -0.0E+0 DE 0.0E+0( 1) 
 8.96536240000000006E+00 0.00000000000000000E+00 0.00000000000000000E+00 
 4.47614728695973607E+00 7.76800028506544038E+00 0.00000000000000000E+00 
 0.00000000000000000E+00 0.00000000000000000E+00 1.46387584600000000E+01 
  1 
 1.00000000000000000E+00 0.00000000000000000E+00 0.00000000000000000E+00 
 0.00000000000000000E+00 1.00000000000000000E+00 0.00000000000000000E+00 
 0.00000000000000000E+00 0.00000000000000000E+00 1.00000000000000000E+00 
 0.00000000000000000E+00 0.00000000000000000E+00 0.00000000000000000E+00 
       96 
    8   4.4642558299999999  2.5796853700000000  4.1267176399999999 
    8   2.2633052199999999  1.3068948700000000  0.4648141700000000 
    1   5.2738818800000002  2.1372038400000002  3.7830583500000001 
    1   1.4471520800000000  1.7485746000000000  0.1295437300000000 
    1   4.4830738099999996  3.4992068999999999  3.7830002800000000 
    1   2.2315667299999999  0.3777798700000000  0.1285120300000000 
    8   2.2210850999999998  1.2886199500000000  3.2181144300000000 
    8   4.4992531600000003  2.6013625100000000  6.8705872399999999 
    1   2.2474741699999998  1.2874150200000001  2.2209581300000001 
    1   4.4783244599999996  2.5912378700000001  5.8907750500000002 
    1   3.0320955000000001  1.7533988000000000  3.5075088000000001 
    1   3.6880440000000001  2.1370396100000000  7.1664964800000002 
    8   4.4654830800000003  2.5753165299999998 11.4367409799999997 
    8   2.2584769100000002  1.3121272100000001  7.7789519299999998 
    1   5.2722993699999998  2.1358669300000002 11.1030566999999998 
    1   1.4506757600000000  1.7426161400000000  7.4468108300000004 
    1   4.4774303599999996  3.5004491299999998 11.0981388200000008 
    1   2.2375844499999999  0.3830488700000000  7.4398067000000001 
    8   2.2220521500000001  1.2848440100000000 10.5312242499999993 
    8   4.4973362300000002  2.6019668299999998 14.1855904000000006 
    1   2.2422751100000000  1.2937626900000001  9.5443391700000006 
    1   4.4869135299999998  2.5881843999999998 13.2022901699999995 
    1   3.0360817400000002  1.7496801799999999 10.8270465999999992 
    1   3.6874174499999999  2.1271366700000001 14.4901889500000003 
    8   6.7005957000000000  6.4648489600000003  4.1241569699999996 
    8   4.4925391399999999  5.1898582900000001  0.4603478400000000 
    1   7.5074299900000003  6.0216914800000003  3.7830174500000000 
    1   3.6865948400000002  5.6256449100000001  0.1194247400000000 
    1   6.7253140000000000  7.3872632400000002  3.7841479499999999 
    1   4.4782711600000003  4.2696076400000003  0.1198166600000000 
    8   4.4594478100000003  5.1623729000000003  3.2047175100000000 
    8   6.7434536600000001  6.4809847400000002  6.8682605099999998 
    1   4.4759391300000004  5.1797198900000003  2.2258777400000000 
    1   6.7232538100000001  6.4747581199999997  5.8923782600000001 
    1   5.2745225400000004  5.6355309800000004  3.5116669699999998 
    1   5.9210748799999999  6.0155269300000000  7.1680128099999996 
    8   6.6964553499999999  6.4689661200000002 11.4316799299999996 
    8   4.4951931399999996  5.1905667700000002  7.7829044700000001 
    1   7.5157118699999996  6.0249598500000001 11.1013004899999999 
    1   3.6914451399999999  5.6296206299999998  7.4420368999999997 
    1   6.7214465700000003  7.3838022399999996 11.1054713700000001 
    1   4.4755756299999998  4.2660191000000003  7.4460285300000004 
    8   4.4634625699999999  5.1708117299999996 10.5299065600000006 
    8   6.7378009800000003  6.4876395599999999 14.1939781899999993 
    1   4.4794789799999997  5.1721906799999999  9.5495236899999991 
    1   6.7186545799999999  6.4711041900000001 13.2105356900000004 
    1   5.2667705399999996  5.6305373400000001 10.8317100899999996 
    1   5.9252808500000000  6.0160707400000000 14.4886179500000001 
    8   8.9458370699999996  2.5840869500000001  4.1230167700000004 
    8   6.7374951699999999  1.3053463000000001  0.4642092900000000 
    1   9.7565023499999999  2.1387665600000001  3.7884622000000001 
    1   5.9284966600000004  1.7540213600000001  0.1260457700000000 
    1   8.9689468600000009  3.5005106600000002  3.7922020800000000 
    1   6.7161035800000004  0.3794432700000000  0.1218019000000000 
    8   6.7071014499999997  1.2819784800000000  3.2146934500000000 
    8   8.9840039300000001  2.6018706699999998  6.8723694200000001 
    1   6.7255800199999998  1.2946210800000000  2.2339509700000000 
    1   8.9673199700000001  2.5921314999999998  5.8794622900000002 
    1   7.5147253799999998  1.7497815100000000  3.5108428300000001 
    1   8.1729494400000000  2.1295419099999999  7.1728059599999998 
    8   8.9425174599999995  2.5748694300000001 11.4414453300000005 
    8   6.7428162299999999  1.3044962200000001  7.7861765299999997 
    1   9.7538453100000009  2.1322929199999998 11.1078893000000001 
    1   5.9314028099999998  1.7498525899999999  7.4506808900000001 
    1   8.9664369599999993  3.5013401000000002 11.0993954099999996 
    1   6.7199917600000001  0.3871528400000000  7.4448733799999998 
    8   6.7110446399999999  1.2853323200000000 10.5297768699999992 
    8   8.9841165800000002  2.6003831200000000 14.1878716699999998 
    1   6.7194068299999996  1.2949081400000000  9.5469705600000001 
    1   8.9605910400000006  2.5886236299999998 13.2061276999999997 
    1   7.5137053600000003  1.7516934700000000 10.8302445299999999 
    1   8.1704283199999992  2.1303717899999999 14.4884786400000003 
    8  11.1878066900000004  6.4570505599999999  4.1216709600000003 
    8   8.9850556499999996  5.1842567300000004  0.4596292100000000 
    1  11.9989610199999994  6.0196884300000004  3.7876111799999999 
    1   8.1670319800000009  5.6282583300000004  0.1236140400000000 
    1  11.2118686299999997  7.3784367199999998  3.7832382700000000 
    1   8.9548644700000004  4.2652310399999998  0.1252442600000000 
    8   8.9453839100000003  5.1628468700000001  3.2104169400000000 
    8  11.2188231500000004  6.4862939400000004  6.8667900599999996 
    1   8.9593516999999991  5.1773762200000002  2.2241682100000002 
    1  11.1987573000000005  6.4659487599999999  5.8820263500000003 
    1   9.7515069699999994  5.6354509200000003  3.5120689399999998 
    1  10.4097608600000004  6.0098211399999997  7.1705674799999999 
    8  11.1835561299999995  6.4607559500000002 11.4417915400000005 
    8   8.9782566999999993  5.1874356500000003  7.7792587099999997 
    1  11.9964576500000000  6.0221065300000003 11.0999186099999996 
    1   8.1704856299999999  5.6276172400000002  7.4479312999999996 
    1  11.2028987999999998  7.3861307600000004 11.1041903000000008 
    1   8.9572419500000002  4.2674206000000003  7.4442593600000002 
    8   8.9445659400000004  5.1693948299999999 10.5238378800000003 
    8  11.2180363399999994  6.4885667500000004 14.1909560100000007 
    1   8.9591118699999992  5.1803298199999999  9.5480744499999997 
    1  11.2014755699999995  6.4711415099999998 13.2055127599999995 
    1   9.7522333900000007  5.6397703400000001 10.8239268600000003 
    1  10.4117229600000005  6.0145206199999999 14.4895110700000007 
