 3  1  1 E -0.0E+0 DE 0.0E+0( 1) 
 8.96536240000000006E+00 0.00000000000000000E+00 0.00000000000000000E+00 
 4.47614728695973607E+00 7.76800028506544038E+00 0.00000000000000000E+00 
 0.00000000000000000E+00 0.00000000000000000E+00 1.46387584600000000E+01 
  1 
 1.00000000000000000E+00 0.00000000000000000E+00 0.00000000000000000E+00 
 0.00000000000000000E+00 1.00000000000000000E+00 0.00000000000000000E+00 
 0.00000000000000000E+00 0.00000000000000000E+00 1.00000000000000000E+00 
 0.00000000000000000E+00 0.00000000000000000E+00 0.00000000000000000E+00 
       96 
    8   4.4605955499999999  2.5749518299999998  4.1202414599999999 
    8   2.2577512999999998  1.3073012500000001  0.4621953300000000 
    1   5.2731624300000002  2.1349156699999998  3.7813691399999998 
    1   1.4438455699999999  1.7500768700000000  0.1251278700000000 
    1   4.4852747600000002  3.5041992400000002  3.7853606300000000 
    1   2.2406094300000001  0.3816159300000000  0.1238356600000000 
    8   2.2222607399999998  1.2865913600000001  3.2048403799999998 
    8   4.5004509900000000  2.5993529799999999  6.8663685299999999 
    1   2.2392596600000001  1.2858992700000000  2.2225235600000000 
    1   4.4811158400000002  2.5862743300000002  5.8826044700000004 
    1   3.0324475999999998  1.7536434299999999  3.5184386299999999 
    1   3.6904296099999998  2.1245705799999999  7.1737391600000002 
    8   4.4580170099999998  2.5781808700000002 11.4363976699999998 
    8   2.2584946700000001  1.3076479100000000  7.7815499499999996 
    1   5.2756931099999997  2.1379214200000001 11.1041745299999999 
    1   1.4431186100000000  1.7486678700000000  7.4407984400000000 
    1   4.4782762299999996  3.5043142000000000 11.1043463300000003 
    1   2.2359103600000001  0.3779524900000000  7.4450859400000002 
    8   2.2144944099999999  1.2833718500000000 10.5265251299999996 
    8   4.4915922999999998  2.6044930300000000 14.1924539400000000 
    1   2.2393147400000002  1.2922909199999999  9.5459112600000005 
    1   4.4797867900000004  2.5912617500000001 13.2014354699999998 
    1   3.0332443499999999  1.7486303999999999 10.8279189999999996 
    1   3.6866563200000000  2.1302402100000002 14.4919322200000007 
    8   6.6986679599999999  6.4669047900000001  4.1193786000000001 
    8   4.4972576999999996  5.1855357199999998  0.4644855000000000 
    1   7.5110473799999999  6.0194790300000003  3.7787622700000001 
    1   3.6859063100000000  5.6350152900000001  0.1268582000000000 
    1   6.7207968700000000  7.3856256800000004  3.7822691499999999 
    1   4.4722444599999998  4.2693730900000002  0.1266287900000000 
    8   4.4537996599999996  5.1644464299999999  3.2164921999999998 
    8   6.7431047000000000  6.4871921800000001  6.8693884299999999 
    1   4.4742279700000003  5.1738858199999997  2.2356388900000002 
    1   6.7186911000000000  6.4670450700000002  5.8828398200000001 
    1   5.2707725500000002  5.6372651100000004  3.5086568699999998 
    1   5.9218370800000004  6.0111853599999998  7.1722319600000004 
    8   6.7051326500000004  6.4601240899999999 11.4399193100000005 
    8   4.4926922400000002  5.1886613600000002  7.7823593100000004 
    1   7.5077347400000001  6.0223772499999999 11.1003884700000004 
    1   3.6851036599999998  5.6351589400000002  7.4395712100000004 
    1   6.7234402600000003  7.3824792099999996 11.1084617699999999 
    1   4.4768851600000001  4.2644265800000003  7.4418010800000003 
    8   4.4618942400000003  5.1654687700000004 10.5328781700000000 
    8   6.7345989700000004  6.4821064100000001 14.1900255200000007 
    1   4.4758041999999998  5.1758917799999997  9.5449552200000003 
    1   6.7233712199999998  6.4704874099999996 13.2061275400000007 
    1   5.2684555199999998  5.6280978099999999 10.8280308299999994 
    1   5.9205256700000000  6.0145253099999998 14.4929248200000007 
    8   8.9436212200000007  2.5780968999999998  4.1250115899999997 
    8   6.7366857099999997  1.3008148799999999  0.4614013300000000 
    1   9.7605859699999993  2.1467810500000000  3.7817237499999998 
    1   5.9313871400000000  1.7433572100000001  0.1246153400000000 
    1   8.9625162100000004  3.5032676899999999  3.7862854600000002 
    1   6.7193500799999999  0.3794765600000000  0.1209551400000000 
    8   6.7019238300000001  1.2819742500000000  3.2083954800000001 
    8   8.9835518299999997  2.5996100100000001  6.8685539699999998 
    1   6.7202601399999997  1.2970368500000000  2.2282770599999999 
    1   8.9622060300000008  2.5874474400000000  5.8871701300000003 
    1   7.5119853599999997  1.7521850299999999  3.5111617399999999 
    1   8.1722495500000001  2.1277888900000002  7.1707834600000000 
    8   8.9359166699999992  2.5748954600000000 11.4453605700000001 
    8   6.7397532399999998  1.3103605300000001  7.7800080999999999 
    1   9.7570184100000006  2.1408008100000000 11.1040461100000005 
    1   5.9291128300000002  1.7474812300000000  7.4432602000000001 
    1   8.9725980199999995  3.5067365300000000 11.1030609499999997 
    1   6.7187812400000002  0.3823796500000000  7.4423138299999998 
    8   6.7029655699999999  1.2841004199999999 10.5326999699999995 
    8   8.9818212299999995  2.6050884299999999 14.1846701999999993 
    1   6.7236350299999996  1.2937169200000000  9.5400639700000003 
    1   8.9655673000000000  2.5889488400000000 13.2044787199999991 
    1   7.5123209600000003  1.7516941300000000 10.8273348600000006 
    1   8.1738275999999992  2.1345866099999999 14.4944389600000001 
    8  11.1855328099999998  6.4677028999999999  4.1220123700000002 
    8   8.9805578199999996  5.1902225199999998  0.4648536700000000 
    1  11.9927931799999996  6.0220508099999996  3.7843270000000002 
    1   8.1670257900000003  5.6312690200000004  0.1155410600000000 
    1  11.2060731199999992  7.3819848099999996  3.7835484199999998 
    1   8.9550555000000003  4.2683647899999997  0.1237977200000000 
    8   8.9409674599999995  5.1658387699999997  3.2125605300000002 
    8  11.2167632600000005  6.4827870100000000  6.8705020000000001 
    1   8.9630695899999999  5.1853080800000004  2.2246748200000002 
    1  11.2005724699999991  6.4744258700000001  5.8910792000000001 
    1   9.7505263099999997  5.6387839000000000  3.5116044300000002 
    1  10.4070023000000003  6.0132312299999997  7.1713287000000001 
    8  11.1872135600000000  6.4573551299999998 11.4395518400000000 
    8   8.9780581599999998  5.1888929499999996  7.7829708899999996 
    1  11.9928019599999995  6.0208218599999999 11.1047728600000006 
    1   8.1663792900000001  5.6324551300000003  7.4414923799999997 
    1  11.2062466100000009  7.3857647399999999 11.1002126600000004 
    1   8.9668648500000003  4.2670269300000001  7.4465533700000002 
    8   8.9471997699999992  5.1661719399999999 10.5285621799999998 
    8  11.2184333100000000  6.4871265800000000 14.1866736699999993 
    1   8.9630185400000002  5.1787474800000002  9.5448370199999992 
    1  11.1956692400000009  6.4710831700000000 13.2084858300000008 
    1   9.7485440299999997  5.6369763500000003 10.8288304199999992 
    1  10.4070580899999996  6.0114664800000002 14.4921358399999995 
