 3  1  1 E -0.0E+0 DE 0.0E+0( 1) 
 8.96536240000000006E+00 0.00000000000000000E+00 0.00000000000000000E+00 
 4.47614728695973607E+00 7.76800028506544038E+00 0.00000000000000000E+00 
 0.00000000000000000E+00 0.00000000000000000E+00 1.46387584600000000E+01 
  1 
 1.00000000000000000E+00 0.00000000000000000E+00 0.00000000000000000E+00 
 0.00000000000000000E+00 1.00000000000000000E+00 0.00000000000000000E+00 
 0.00000000000000000E+00 0.00000000000000000E+00 1.00000000000000000E+00 
 0.00000000000000000E+00 0.00000000000000000E+00 0.00000000000000000E+00 
       96 
    8   4.4621444199999996  2.5803495900000000  4.1217402200000004 
    8   2.2586284000000001  1.3054693200000000  0.4619708900000000 
    1   5.2740166200000003  2.1348527000000002  3.7825647199999999 
    1   1.4464703600000000  1.7484814399999999  0.1256394000000000 
    1   4.4837953199999996  3.5021099800000002  3.7836884600000000 
    1   2.2380169500000000  0.3807939900000000  0.1241671600000000 
    8   2.2218670899999999  1.2839796100000000  3.2099993599999999 
    8   4.5008639900000000  2.5978184000000000  6.8701772700000001 
    1   2.2393320100000000  1.2926826300000001  2.2266777200000001 
    1   4.4821424099999998  2.5893494300000000  5.8868090000000004 
    1   3.0338338500000002  1.7536700100000000  3.5119890400000000 
    1   3.6892754000000001  2.1317204799999998  7.1684367299999998 
    8   4.4615310700000004  2.5776681600000000 11.4435138599999995 
    8   2.2588018299999999  1.3056119399999999  7.7822047799999998 
    1   5.2732602799999997  2.1381640599999998 11.1023749800000004 
    1   1.4477327799999999  1.7467886600000000  7.4419880000000003 
    1   4.4832879999999999  3.5022417600000000 11.1025683300000004 
    1   2.2361626499999998  0.3803150200000000  7.4432249099999996 
    8   2.2193871800000000  1.2842385700000001 10.5292714499999995 
    8   4.4984054000000002  2.6002124200000001 14.1881264700000003 
    1   2.2403052600000000  1.2958537100000000  9.5436705699999997 
    1   4.4808837800000001  2.5893267500000001 13.2059066999999999 
    1   3.0324347600000001  1.7516031299999999 10.8294092499999994 
    1   3.6877372500000001  2.1327210499999998 14.4894392300000003 
    8   6.7017519700000001  6.4624508900000004  4.1212552799999997 
    8   4.4955376400000002  5.1876857400000000  0.4606899300000000 
    1   7.5115574499999997  6.0209778800000002  3.7820372099999999 
    1   3.6865068499999998  5.6310482100000003  0.1240755800000000 
    1   6.7235856299999996  7.3871757799999997  3.7833498699999999 
    1   4.4740375300000004  4.2635696699999999  0.1232096300000000 
    8   4.4587544100000001  5.1664914800000004  3.2096785200000002 
    8   6.7380134399999996  6.4842969100000003  6.8688493900000003 
    1   4.4782283899999999  5.1789553499999998  2.2250761200000002 
    1   6.7202533300000002  6.4733884300000000  5.8858749799999996 
    1   5.2710034300000004  5.6365884599999996  3.5113022100000002 
    1   5.9268940399999996  6.0150327499999996  7.1704001899999996 
    8   6.6987070500000003  6.4626201099999996 11.4413096799999998 
    8   4.4968432399999996  5.1893603400000003  7.7797714500000001 
    1   7.5107415900000003  6.0205620000000000 11.1031574899999992 
    1   3.6845841400000001  5.6327969800000002  7.4424418399999999 
    1   6.7229428699999998  7.3867061400000003 11.1023514100000007 
    1   4.4767040299999996  4.2645278500000003  7.4442271699999996 
    8   4.4599661199999998  5.1668080400000003 10.5305814800000004 
    8   6.7376865400000003  6.4848104600000003 14.1891389500000002 
    1   4.4779254200000000  5.1793242099999999  9.5463392299999992 
    1   6.7170938700000002  6.4747913600000002 13.2035728700000003 
    1   5.2713277600000001  5.6374819399999998 10.8286373400000002 
    1   5.9261961000000003  6.0145394799999998 14.4892029999999998 
    8   8.9441503000000004  2.5792910700000000  4.1232739900000004 
    8   6.7430545999999998  1.3049265699999999  0.4620648500000000 
    1   9.7542144400000002  2.1356631400000001  3.7845832499999998 
    1   5.9318349499999998  1.7462967800000000  0.1233363200000000 
    1   8.9665545600000005  3.5025589600000000  3.7828088000000002 
    1   6.7199603400000001  0.3812475000000000  0.1239143400000000 
    8   6.7041193799999999  1.2834849399999999  3.2093733900000001 
    8   8.9824345399999999  2.6004332699999999  6.8691293800000004 
    1   6.7224084900000003  1.2961119100000000  2.2267274300000000 
    1   8.9631544800000000  2.5901838300000000  5.8855223099999998 
    1   7.5160758899999998  1.7527247399999999  3.5102417699999999 
    1   8.1716621899999993  2.1300741699999999  7.1689119200000002 
    8   8.9432644099999994  2.5786543499999999 11.4430754300000004 
    8   6.7438902100000000  1.3061267900000000  7.7821541400000003 
    1   9.7540968199999991  2.1359263400000001 11.1022098499999995 
    1   5.9295985199999999  1.7473629900000001  7.4428359300000002 
    1   8.9646016700000004  3.5030267099999999 11.1019248899999994 
    1   6.7197755199999998  0.3837954200000000  7.4423886299999999 
    8   6.7010428099999997  1.2831925099999999 10.5302899700000001 
    8   8.9845024900000006  2.5992920800000001 14.1893753199999999 
    1   6.7222019800000004  1.2944073100000000  9.5481900900000003 
    1   8.9619469899999995  2.5897406200000002 13.2057030500000003 
    1   7.5159885500000003  1.7524530800000000 10.8300363599999994 
    1   8.1708228300000005  2.1319141699999999 14.4890747300000005 
    8  11.1831535500000001  6.4621419400000004  4.1223407800000000 
    8   8.9797032899999998  5.1906149299999997  0.4622226800000000 
    1  11.9921984899999998  6.0217310700000004  3.7827126700000000 
    1   8.1676392399999997  5.6309356099999999  0.1253032300000000 
    1  11.2025189399999991  7.3894166900000000  3.7846744600000002 
    1   8.9578331599999999  4.2656665900000004  0.1242143400000000 
    8   8.9421678599999996  5.1681238699999996  3.2103653799999998 
    8  11.2207073699999995  6.4843244300000000  6.8693481199999997 
    1   8.9605460200000007  5.1796471799999999  2.2267600700000001 
    1  11.1985832100000007  6.4741429200000002  5.8860508700000000 
    1   9.7529576999999996  5.6359667199999999  3.5114731899999998 
    1  10.4102356500000006  6.0148723100000003  7.1704457399999999 
    8  11.1815603200000009  6.4611319299999996 11.4407162000000007 
    8   8.9805949500000004  5.1904420099999999  7.7821663900000004 
    1  11.9946966199999991  6.0209853300000002 11.1023561500000003 
    1   8.1687249299999998  5.6323316800000001  7.4440623099999996 
    1  11.2058435299999992  7.3869872499999998 11.1033490799999992 
    1   8.9586800699999998  4.2656949600000003  7.4424261400000002 
    8   8.9414836700000002  5.1667337499999997 10.5285138299999996 
    8  11.2204732699999994  6.4837293499999999 14.1885706599999999 
    1   8.9588473200000003  5.1787267000000003  9.5455469500000003 
    1  11.2007065099999998  6.4741462700000003 13.2061729299999993 
    1   9.7513688500000004  5.6355925100000004 10.8289591600000001 
    1  10.4083482200000006  6.0164746600000001 14.4892240999999995 
