 3  1  1 E -0.0E+0 DE 0.0E+0( 1) 
 8.96536240000000006E+00 0.00000000000000000E+00 0.00000000000000000E+00 
 4.47614728695973607E+00 7.76800028506544038E+00 0.00000000000000000E+00 
 0.00000000000000000E+00 0.00000000000000000E+00 1.46387584600000000E+01 
  1 
 1.00000000000000000E+00 0.00000000000000000E+00 0.00000000000000000E+00 
 0.00000000000000000E+00 1.00000000000000000E+00 0.00000000000000000E+00 
 0.00000000000000000E+00 0.00000000000000000E+00 1.00000000000000000E+00 
 0.00000000000000000E+00 0.00000000000000000E+00 0.00000000000000000E+00 
       96 
    8   4.4620698699999997  2.5780044400000000  4.1240472099999996 
    8   2.2629460199999998  1.3073482999999999  0.4613906900000000 
    1   5.2752822999999998  2.1405016200000002  3.7828237800000002 
    1   1.4451157299999999  1.7519256700000001  0.1249531800000000 
    1   4.4801665699999997  3.5034663899999998  3.7804654000000002 
    1   2.2351040400000000  0.3770257400000000  0.1294847500000000 
    8   2.2155156599999999  1.2873532700000001  3.2104966799999999 
    8   4.4970569200000003  2.5962118699999999  6.8666136699999996 
    1   2.2369989700000001  1.2954827099999999  2.2274184099999998 
    1   4.4816054899999997  2.5918106800000000  5.8843538200000003 
    1   3.0374217600000000  1.7495278900000000  3.5133219699999998 
    1   3.6918004799999999  2.1310626400000001  7.1679659999999998 
    8   4.4619588099999996  2.5729069000000000 11.4478456000000008 
    8   2.2625661400000001  1.3089172700000000  7.7815143600000001 
    1   5.2720906000000003  2.1328999700000000 11.1077958399999996 
    1   1.4501224100000001  1.7534258199999999  7.4456458500000000 
    1   4.4890392400000003  3.4965160700000002 11.0996374600000003 
    1   2.2336091800000002  0.3872929900000000  7.4462278099999999 
    8   2.2243283699999998  1.2903258000000000 10.5281240599999997 
    8   4.5004665599999996  2.6003438999999999 14.1889017899999992 
    1   2.2448017700000000  1.2972052800000000  9.5451683700000007 
    1   4.4804433399999999  2.5905562700000000 13.2065055999999998 
    1   3.0303283599999999  1.7488258200000000 10.8247120300000006 
    1   3.6901998100000002  2.1332577100000001 14.4942069399999998 
    8   6.7018460700000002  6.4619612899999996  4.1246221700000003 
    8   4.4992416799999999  5.1901262800000003  0.4598093000000000 
    1   7.5118647400000000  6.0239015199999999  3.7831462199999999 
    1   3.6831734900000002  5.6345358399999999  0.1244971200000000 
    1   6.7206243800000003  7.3816035299999996  3.7827255700000002 
    1   4.4782143899999998  4.2676945499999999  0.1338525700000000 
    8   4.4589675700000004  5.1662561499999997  3.2093144900000001 
    8   6.7402806699999998  6.4879190700000002  6.8677867199999998 
    1   4.4750799600000004  5.1707777400000001  2.2200884500000000 
    1   6.7187754799999997  6.4742668500000002  5.8876308300000000 
    1   5.2641791700000002  5.6396943899999998  3.5079544000000000 
    1   5.9261516600000004  6.0170208799999996  7.1705579899999998 
    8   6.6979377800000002  6.4558066600000004 11.4440244199999999 
    8   4.4947711100000003  5.1895533000000000  7.7830775299999999 
    1   7.5093125399999998  6.0211709999999998 11.1013009300000007 
    1   3.6825869600000001  5.6239482699999996  7.4423750200000001 
    1   6.7202557900000004  7.3834445799999999 11.1067687900000003 
    1   4.4750953100000004  4.2660228499999997  7.4441511499999997 
    8   4.4610579200000000  5.1678546499999998 10.5328796800000006 
    8   6.7383902400000002  6.4902765999999996 14.1928258700000001 
    1   4.4816402000000002  5.1813506000000000  9.5448390300000003 
    1   6.7166353399999998  6.4717212499999999 13.2076234899999996 
    1   5.2647952199999999  5.6333392399999997 10.8294876799999997 
    1   5.9232104200000002  6.0180573600000002 14.4915435499999994 
    8   8.9464476499999996  2.5754759599999999  4.1194909800000001 
    8   6.7409985600000004  1.3044508500000001  0.4585434600000000 
    1   9.7540906300000003  2.1350218200000000  3.7867620400000002 
    1   5.9310376900000001  1.7476279100000001  0.1291368800000000 
    1   8.9651190100000004  3.4993703799999998  3.7778649799999999 
    1   6.7191569299999996  0.3838249100000000  0.1230373900000000 
    8   6.6990055899999996  1.2810844600000000  3.2129855699999998 
    8   8.9813359599999991  2.6039018000000000  6.8693094800000001 
    1   6.7226410899999998  1.2942782100000001  2.2247459699999999 
    1   8.9668090199999995  2.5880737400000000  5.8857495399999999 
    1   7.5119629600000000  1.7540670700000001  3.5065432900000002 
    1   8.1734119799999991  2.1243476800000001  7.1627099799999998 
    8   8.9454112499999994  2.5815832699999999 11.4356337799999999 
    8   6.7398496000000003  1.3050159900000000  7.7779788400000003 
    1   9.7626477400000002  2.1366253600000000 11.0984600600000007 
    1   5.9366580999999998  1.7504974400000000  7.4426254399999996 
    1   8.9663647700000002  3.5025792500000001 11.1012928599999992 
    1   6.7179503599999997  0.3850394300000000  7.4388587199999998 
    8   6.7067751299999996  1.2855029400000000 10.5258729599999992 
    8   8.9816365600000001  2.6028989800000000 14.1786171700000008 
    1   6.7235184099999996  1.2971548300000000  9.5436423900000005 
    1   8.9682925299999994  2.5805100400000001 13.1996859900000008 
    1   7.5127698399999998  1.7540372099999999 10.8307730499999995 
    1   8.1723031699999993  2.1321179699999999 14.4917083000000009 
    8  11.1781839699999992  6.4589411400000003  4.1254346799999997 
    8   8.9805715700000004  5.1917404800000000  0.4633267700000000 
    1  11.9886958499999992  6.0205593400000001  3.7828716099999999 
    1   8.1665465000000008  5.6317335499999999  0.1264797700000000 
    1  11.2020944900000003  7.3853633700000003  3.7841422300000001 
    1   8.9585117899999993  4.2696473900000003  0.1258499600000000 
    8   8.9397551699999998  5.1654421499999996  3.2093555000000000 
    8  11.2256079100000008  6.4908613900000001  6.8718793299999996 
    1   8.9644651199999998  5.1786172800000001  2.2332922599999998 
    1  11.2008252600000002  6.4778750100000000  5.8860774300000003 
    1   9.7521699799999997  5.6402787099999996  3.5141509300000000 
    1  10.4120404200000003  6.0154284599999999  7.1666043699999999 
    8  11.1785833100000005  6.4654862900000003 11.4383554200000006 
    8   8.9728085499999999  5.1878736500000002  7.7822972999999998 
    1  11.9952079400000002  6.0198478900000003 11.1059350499999994 
    1   8.1658053899999992  5.6307155299999998  7.4402323600000004 
    1  11.2068770600000001  7.3899597899999998 11.1043431699999999 
    1   8.9555263299999996  4.2642981799999999  7.4380892999999997 
    8   8.9434345000000004  5.1668798899999997 10.5299463200000005 
    8  11.2162400400000006  6.4817665399999997 14.1912670900000002 
    1   8.9611462999999993  5.1767054999999997  9.5399684199999992 
    1  11.1991352000000006  6.4795616899999997 13.2103281100000007 
    1   9.7546635500000001  5.6393651000000000 10.8300045399999991 
    1  10.4108813399999995  6.0156674399999996 14.4886706400000005 
