ICE template
EXTERNAL
END
1 5
0 0 3 1.0 1
     33.8650000              0.0254938
      5.0947900              0.1903730
      1.1587900              0.8521610
0 0 1 0.0 1
      0.3258400              1.0000000
0 0 1 0.0 1
      0.1027410              1.0000000
0 2 1 0.0 1
      1.5000000              1.0000000
0 2 1 0.0 1
      0.3750000              1.0000000
8 6
0 0 6 2.0 1
   8588.5000000              0.00189515
   1297.2300000              0.0143859
    299.2960000              0.0707320
     87.3771000              0.2400010
     25.6789000              0.5947970
      3.7400400              0.2808020
0 1 3 6.0 1
     42.1175000              0.1138890              0.0365114
      9.6283700              0.9208110              0.2371530
      2.8533200             -0.00327447             0.8197020
0 1 1 0.0 1
      0.9056610              1.0000000              1.0000000
0 1 1 0.0 1
      0.2556110              1.0000000              1.0000000
0 3 1 0.0 1
      2.5840000              1.0000000
0 3 1 0.0 1
      0.6460000              1.0000000
99 0
END
DFT
B3LYP
XLGRID
END
GRADCAL
MAXCYCLE
500
SHRINK
6 6 
TOLDEE
10
TOLINTEG
8 8 8 8 16
END
