 3  1  1 E -0.0E+0 DE 0.0E+0( 1) 
 8.96536240000000006E+00 0.00000000000000000E+00 0.00000000000000000E+00 
 4.47614728695973607E+00 7.76800028506544038E+00 0.00000000000000000E+00 
 0.00000000000000000E+00 0.00000000000000000E+00 1.46387584600000000E+01 
  1 
 1.00000000000000000E+00 0.00000000000000000E+00 0.00000000000000000E+00 
 0.00000000000000000E+00 1.00000000000000000E+00 0.00000000000000000E+00 
 0.00000000000000000E+00 0.00000000000000000E+00 1.00000000000000000E+00 
 0.00000000000000000E+00 0.00000000000000000E+00 0.00000000000000000E+00 
       96 
    8   4.4649558799999998  2.5744558099999999  4.1235814700000004 
    8   2.2639150600000000  1.3110682000000000  0.4619814500000000 
    1   5.2720883299999999  2.1368127000000001  3.7842682800000000 
    1   1.4548555400000001  1.7496347200000000  0.1288241000000000 
    1   4.4827733700000003  3.5013610300000000  3.7846836100000001 
    1   2.2404824500000000  0.3812865600000000  0.1251401700000000 
    8   2.2177121099999999  1.2875716500000001  3.2065593200000002 
    8   4.5006232600000002  2.5963930199999998  6.8776449299999998 
    1   2.2405384900000000  1.2979537100000000  2.2258672200000000 
    1   4.4806467200000002  2.5906035500000000  5.8870890899999999 
    1   3.0331409400000000  1.7502835600000000  3.5092392499999998 
    1   3.6825674700000000  2.1367454000000001  7.1692359400000001 
    8   4.4599386200000000  2.5708013500000000 11.4462835900000002 
    8   2.2609808000000000  1.3050670400000000  7.7787724699999998 
    1   5.2740785099999998  2.1284022800000000 11.1023782999999998 
    1   1.4430537400000001  1.7481804400000001  7.4437327700000004 
    1   4.4857849800000000  3.5068844900000000 11.1053422000000008 
    1   2.2355276599999998  0.3815558700000000  7.4440251100000001 
    8   2.2182328800000000  1.2782995200000000 10.5242154400000008 
    8   4.4970397699999998  2.5962459400000002 14.1868771400000000 
    1   2.2417945800000001  1.2913182299999999  9.5490385999999994 
    1   4.4802542699999997  2.5874666400000002 13.2018380700000009 
    1   3.0250477199999999  1.7534547300000001 10.8352918099999993 
    1   3.6918407100000001  2.1311391400000002 14.4868911699999998 
    8   6.7021869599999997  6.4636483299999998  4.1272964700000001 
    8   4.4992207400000002  5.1875192600000002  0.4653427400000000 
    1   7.5124903500000002  6.0132555300000003  3.7814603299999998 
    1   3.6837172499999999  5.6236633600000001  0.1188108600000000 
    1   6.7179979799999998  7.3861534999999998  3.7842752499999999 
    1   4.4784195100000002  4.2676715999999999  0.1205009100000000 
    8   4.4591598699999997  5.1651183899999999  3.2073965200000001 
    8   6.7376710600000003  6.4857391199999999  6.8654954100000003 
    1   4.4763882500000003  5.1781876699999998  2.2223242200000000 
    1   6.7225805699999999  6.4755609099999996  5.8847180699999999 
    1   5.2730554999999999  5.6382084099999998  3.5090808999999998 
    1   5.9300714699999997  6.0131790299999999  7.1708088200000004 
    8   6.6983529800000001  6.4572988400000000 11.4424917900000001 
    8   4.4995030399999996  5.1893342699999998  7.7845222999999999 
    1   7.5119053800000000  6.0222285600000003 11.1021301999999995 
    1   3.6888731699999999  5.6369586199999997  7.4419270400000004 
    1   6.7178604699999998  7.3824118399999996 11.1044262200000006 
    1   4.4773217699999996  4.2656092499999998  7.4488551899999997 
    8   4.4600575600000001  5.1701972899999999 10.5288535900000007 
    8   6.7344534300000003  6.4846784599999996 14.1871394300000002 
    1   4.4796951700000003  5.1743043399999999  9.5417892700000007 
    1   6.7173764800000004  6.4672123399999997 13.2088664300000005 
    1   5.2698513399999998  5.6380535099999998 10.8375997500000008 
    1   5.9282112500000004  6.0171456799999996 14.4916906200000000 
    8   8.9464496899999997  2.5763639500000002  4.1197361199999998 
    8   6.7351605799999996  1.3004263100000000  0.4689178000000000 
    1   9.7536199000000003  2.1376835500000002  3.7815632300000002 
    1   5.9351172700000001  1.7496808800000001  0.1226698000000000 
    1   8.9639402599999993  3.4978199800000001  3.7813590900000000 
    1   6.7182373899999996  0.3850145100000000  0.1286226900000000 
    8   6.6993245699999999  1.2866345400000001  3.2118229999999999 
    8   8.9830263600000002  2.5994897500000000  6.8668082899999998 
    1   6.7227385399999999  1.2986781500000000  2.2215208799999999 
    1   8.9660091299999998  2.5908731999999999  5.8913453300000000 
    1   7.5145388400000002  1.7605862400000001  3.5109637999999999 
    1   8.1689726000000000  2.1360128999999999  7.1694783299999996 
    8   8.9427471700000005  2.5787452800000001 11.4393251300000003 
    8   6.7404748400000001  1.2980188900000000  7.7844082999999999 
    1   9.7615602100000007  2.1395046299999998 11.1084394300000007 
    1   5.9284452400000003  1.7419890000000000  7.4410254399999998 
    1   8.9656407399999996  3.5098648699999999 11.0989781300000008 
    1   6.7164276899999997  0.3716601900000000  7.4415291300000002 
    8   6.7051249999999998  1.2864677499999999 10.5267838699999992 
    8   8.9851230999999991  2.6039567300000002 14.1915933499999998 
    1   6.7182180699999998  1.2881716700000001  9.5500590400000007 
    1   8.9615127599999997  2.5899925700000002 13.2120720499999997 
    1   7.5109361100000003  1.7488341000000001 10.8291027399999997 
    1   8.1715998600000006  2.1302640199999998 14.4819614100000003 
    8  11.1791057499999997  6.4653782199999998  4.1238548300000000 
    8   8.9763976700000008  5.1897168300000001  0.4575596700000000 
    1  11.9986910499999997  6.0195088200000004  3.7871822499999999 
    1   8.1658146699999996  5.6344530500000003  0.1263122600000000 
    1  11.2082320099999997  7.3859760600000000  3.7861794700000000 
    1   8.9557738699999998  4.2661173200000002  0.1278180800000000 
    8   8.9431970199999995  5.1636584200000000  3.2071498599999999 
    8  11.2182029100000005  6.4837428600000004  6.8667818199999999 
    1   8.9574090799999997  5.1780666499999999  2.2223300500000001 
    1  11.2045218400000000  6.4702755999999999  5.8837331600000002 
    1   9.7562672300000006  5.6375888200000004  3.5108709500000002 
    1  10.4078087900000007  6.0145185799999998  7.1719197799999996 
    8  11.1768786999999996  6.4650769600000002 11.4402142700000002 
    8   8.9812310600000007  5.1893371000000004  7.7803098999999998 
    1  11.9951609599999998  6.0175300900000002 11.1082330700000007 
    1   8.1682082999999999  5.6354896999999999  7.4429681399999996 
    1  11.2048508299999998  7.3820192899999997 11.1056831799999998 
    1   8.9580074700000001  4.2602479500000001  7.4409363900000001 
    8   8.9393276600000000  5.1621152900000000 10.5332191700000006 
    8  11.2237922999999995  6.4813277800000000 14.1910927999999998 
    1   8.9655068300000007  5.1763011600000004  9.5528355400000002 
    1  11.2002342600000002  6.4757056500000001 13.2002805500000004 
    1   9.7535038699999994  5.6380050900000001 10.8327663699999999 
    1  10.4142924499999996  6.0157955699999999 14.4828920900000000 
