 3  1  1 E -0.0E+0 DE 0.0E+0( 1) 
 8.96536240000000006E+00 0.00000000000000000E+00 0.00000000000000000E+00 
 4.47614728695973607E+00 7.76800028506544038E+00 0.00000000000000000E+00 
 0.00000000000000000E+00 0.00000000000000000E+00 1.46387584600000000E+01 
  1 
 1.00000000000000000E+00 0.00000000000000000E+00 0.00000000000000000E+00 
 0.00000000000000000E+00 1.00000000000000000E+00 0.00000000000000000E+00 
 0.00000000000000000E+00 0.00000000000000000E+00 1.00000000000000000E+00 
 0.00000000000000000E+00 0.00000000000000000E+00 0.00000000000000000E+00 
       96 
    8   4.4575877999999998  2.5785787899999999  4.1228476799999996 
    8   2.2543539899999998  1.3034662600000000  0.4574282500000000 
    1   5.2757463299999996  2.1316027100000001  3.7773595599999998 
    1   1.4480576900000000  1.7508811799999999  0.1264307400000000 
    1   4.4863544700000002  3.5037299900000001  3.7851145800000001 
    1   2.2374776399999998  0.3765853400000000  0.1247009000000000 
    8   2.2179957400000001  1.2827701300000001  3.2108787799999998 
    8   4.5039479900000003  2.6036923199999999  6.8722592000000002 
    1   2.2423864000000000  1.2979037899999999  2.2266141899999998 
    1   4.4755118999999999  2.5887481299999999  5.8904991100000004 
    1   3.0386058500000002  1.7558225100000000  3.5105604000000001 
    1   3.6860306700000001  2.1306187799999998  7.1727407300000001 
    8   4.4618501799999999  2.5802596599999998 11.4429654999999997 
    8   2.2589917000000002  1.3074859599999999  7.7810357999999997 
    1   5.2730031700000000  2.1428771700000002 11.1022377300000006 
    1   1.4498443500000000  1.7550466700000000  7.4353977000000002 
    1   4.4820957500000000  3.4993554100000002 11.1018352799999995 
    1   2.2377881400000001  0.3787938900000000  7.4457264099999998 
    8   2.2242953800000000  1.2847023799999999 10.5244461099999995 
    8   4.5052889900000004  2.6014303100000000 14.1865720799999995 
    1   2.2446211800000002  1.2875311199999999  9.5352995400000005 
    1   4.4828978199999998  2.5932111000000000 13.2077145599999994 
    1   3.0377736500000001  1.7489652499999999 10.8258746499999994 
    1   3.6899352799999998  2.1290040800000001 14.4860261300000008 
    8   6.6985443699999996  6.4584538900000004  4.1196084600000002 
    8   4.4957529599999999  5.1880659900000001  0.4628825100000000 
    1   7.5185379799999996  6.0244345199999998  3.7800811599999999 
    1   3.6849529799999998  5.6299359100000004  0.1241789800000000 
    1   6.7255672799999999  7.3870300699999998  3.7825479600000000 
    1   4.4706503099999999  4.2646700900000001  0.1249470300000000 
    8   4.4523838400000004  5.1661029300000001  3.2100951100000001 
    8   6.7378353799999999  6.4853784699999997  6.8697677099999996 
    1   4.4796160599999997  5.1732991699999999  2.2247365800000001 
    1   6.7174899100000003  6.4700883899999999  5.8833378300000003 
    1   5.2731470600000003  5.6356184200000001  3.5198705100000001 
    1   5.9221801799999998  6.0153034099999996  7.1635760599999996 
    8   6.6955551199999999  6.4581448799999999 11.4366250699999998 
    8   4.4938154399999997  5.1959505500000001  7.7857861300000000 
    1   7.5110664500000004  6.0147811200000003 11.0966929400000005 
    1   3.6801577299999999  5.6272320200000001  7.4423613900000003 
    1   6.7232347399999997  7.3796573399999996 11.1009955599999994 
    1   4.4748204300000003  4.2609107100000001  7.4492703899999997 
    8   4.4598087700000004  5.1636361700000002 10.5265981199999992 
    8   6.7365517300000004  6.4837346199999999 14.1903879499999999 
    1   4.4768734200000004  5.1763789999999998  9.5411334399999994 
    1   6.7211844500000000  6.4744617199999999 13.2039161200000006 
    1   5.2728974199999996  5.6380945000000002 10.8345128899999992 
    1   5.9325117299999999  6.0130560300000004 14.4905831500000009 
    8   8.9479454599999997  2.5802097200000000  4.1186193500000003 
    8   6.7386036799999998  1.3058507900000000  0.4615955300000000 
    1   9.7562298599999995  2.1363503100000001  3.7885438400000000 
    1   5.9332654099999997  1.7425354399999999  0.1275054700000000 
    1   8.9643960499999995  3.5001518900000002  3.7854102900000002 
    1   6.7183027500000003  0.3815857700000000  0.1191491600000000 
    8   6.7003601899999996  1.2810602600000001  3.2128425200000001 
    8   8.9832747299999998  2.5993988600000000  6.8748174100000004 
    1   6.7224814200000003  1.3001341300000000  2.2315262699999998 
    1   8.9691415499999998  2.5922141999999999  5.8888858199999996 
    1   7.5176307600000003  1.7587357200000000  3.5100754200000002 
    1   8.1685314000000009  2.1301521700000001  7.1689202300000003 
    8   8.9515607599999996  2.5793719899999998 11.4426604100000002 
    8   6.7379062999999997  1.3088101800000000  7.7912387799999996 
    1   9.7573568700000006  2.1383615499999999 11.1072966300000004 
    1   5.9301967900000001  1.7528116899999999  7.4420447000000003 
    1   8.9640482299999995  3.5084191900000001 11.1032835900000002 
    1   6.7212488199999996  0.3836946300000000  7.4443018700000003 
    8   6.7056950700000000  1.2790157300000000 10.5305464700000009 
    8   8.9830617799999999  2.6032305199999999 14.1875421900000003 
    1   6.7175140500000001  1.2981820900000001  9.5472375100000004 
    1   8.9657479799999997  2.5940543300000001 13.2063852300000004 
    1   7.5105740799999996  1.7487719500000001 10.8277506100000007 
    1   8.1732490299999991  2.1308875600000001 14.4836254300000000 
    8  11.1806626900000001  6.4611229100000003  4.1253113099999998 
    8   8.9790087700000001  5.1915813000000002  0.4649103100000000 
    1  11.9941846299999995  6.0192041100000004  3.7803736799999998 
    1   8.1698589599999991  5.6315125300000002  0.1270428200000000 
    1  11.2009844699999999  7.3866570200000004  3.7896309800000001 
    1   8.9576985499999999  4.2672853399999999  0.1266264100000000 
    8   8.9424884099999993  5.1703126800000003  3.2145623500000000 
    8  11.2218953799999994  6.4823259999999996  6.8687977499999997 
    1   8.9554739399999992  5.1790341099999999  2.2244697499999999 
    1  11.2073755599999991  6.4739236599999996  5.8795802799999999 
    1   9.7581428199999998  5.6351664899999996  3.5133414900000002 
    1  10.4101868500000005  6.0134176100000003  7.1692052899999998 
    8  11.1848638999999999  6.4586992099999998 11.4431189199999999 
    8   8.9845669699999995  5.1864327799999996  7.7834084299999997 
    1  11.9991366900000003  6.0203369300000000 11.1042445300000008 
    1   8.1719906600000005  5.6312553699999999  7.4445444399999996 
    1  11.2015371199999993  7.3828405899999998 11.1086806399999993 
    1   8.9564483300000006  4.2657152700000003  7.4398379800000001 
    8   8.9423355299999994  5.1663203099999997 10.5298112300000000 
    8  11.2112374700000004  6.4880185700000004 14.1934951999999992 
    1   8.9581498899999996  5.1730563099999998  9.5495629999999991 
    1  11.2019691399999992  6.4731125199999999 13.2021206600000003 
    1   9.7487702100000000  5.6365441299999999 10.8324807700000001 
    1  10.4029807099999996  6.0187665299999997 14.4904512600000004 
