 3  1  1 E -0.0E+0 DE 0.0E+0( 1) 
 8.96536240000000006E+00 0.00000000000000000E+00 0.00000000000000000E+00 
 4.47614728695973607E+00 7.76800028506544038E+00 0.00000000000000000E+00 
 0.00000000000000000E+00 0.00000000000000000E+00 1.46387584600000000E+01 
  1 
 1.00000000000000000E+00 0.00000000000000000E+00 0.00000000000000000E+00 
 0.00000000000000000E+00 1.00000000000000000E+00 0.00000000000000000E+00 
 0.00000000000000000E+00 0.00000000000000000E+00 1.00000000000000000E+00 
 0.00000000000000000E+00 0.00000000000000000E+00 0.00000000000000000E+00 
       96 
    8   4.4587892000000000  2.5825520599999998  4.1159388400000001 
    8   2.2571936600000000  1.3029455500000000  0.4614803000000000 
    1   5.2789763299999999  2.1418857700000000  3.7826690200000002 
    1   1.4472729000000000  1.7503696099999999  0.1218721000000000 
    1   4.4851013799999997  3.5066649100000000  3.7833616600000002 
    1   2.2373244500000000  0.3842393500000000  0.1254846600000000 
    8   2.2184627200000002  1.2860312300000001  3.2097431400000001 
    8   4.5010624100000003  2.5975513800000001  6.8680245199999996 
    1   2.2432293600000000  1.2921702700000000  2.2221827200000002 
    1   4.4784012200000003  2.5898293699999999  5.8875097299999997 
    1   3.0326004300000000  1.7523573699999999  3.5127485599999999 
    1   3.6870291900000001  2.1338813800000000  7.1701856800000003 
    8   4.4598281000000002  2.5717436700000000 11.4447779700000005 
    8   2.2571639399999999  1.3037820700000000  7.7801015400000004 
    1   5.2700680200000001  2.1336284100000000 11.1035273500000002 
    1   1.4495500800000001  1.7479320300000001  7.4405718299999997 
    1   4.4803125699999997  3.5034024600000002 11.1059065199999996 
    1   2.2364889500000000  0.3806901200000000  7.4450628500000002 
    8   2.2203744200000002  1.2881509200000001 10.5263526100000000 
    8   4.5031309000000004  2.5963699500000001 14.1880418499999994 
    1   2.2441351300000001  1.2884241000000001  9.5467900500000002 
    1   4.4724939299999997  2.5920914499999999 13.2044033100000000 
    1   3.0335994099999999  1.7521602199999999 10.8299862600000001 
    1   3.6840401300000001  2.1305578299999999 14.4938440100000001 
    8   6.6968561600000003  6.4578753899999999  4.1192996800000001 
    8   4.4988759700000003  5.1857209600000003  0.4582905700000000 
    1   7.5105428600000002  6.0174254200000004  3.7846648400000000 
    1   3.6799129000000002  5.6270997400000002  0.1287406900000000 
    1   6.7212694400000004  7.3894973100000003  3.7822804699999999 
    1   4.4743927599999997  4.2670764400000003  0.1253506900000000 
    8   4.4566111299999998  5.1690899100000003  3.2133559900000002 
    8   6.7327555400000003  6.4852144799999998  6.8687192200000000 
    1   4.4750083199999997  5.1772932999999997  2.2221191500000002 
    1   6.7172577699999998  6.4778351499999998  5.8846702600000000 
    1   5.2704367500000000  5.6428820799999997  3.5110349599999999 
    1   5.9288837200000000  6.0207606299999998  7.1729324600000002 
    8   6.6985689800000001  6.4684340499999999 11.4377368799999992 
    8   4.5000781400000003  5.1864271300000002  7.7871917599999998 
    1   7.5112904900000004  6.0221911400000003 11.1030356200000000 
    1   3.6854728200000002  5.6315811000000000  7.4412182900000001 
    1   6.7214795299999999  7.3813531899999996 11.1039498499999993 
    1   4.4704613300000000  4.2682865400000001  7.4459767599999998 
    8   4.4600889099999996  5.1681289399999999 10.5291507000000006 
    8   6.7339358699999998  6.4859660999999997 14.1920906500000008 
    1   4.4793326699999998  5.1746192899999999  9.5464631700000009 
    1   6.7177333299999997  6.4713857199999998 13.2052078700000006 
    1   5.2676503500000003  5.6411288500000003 10.8279365300000006 
    1   5.9226532599999997  6.0162552700000003 14.4899363999999995 
    8   8.9480584299999997  2.5803077800000001  4.1257751300000001 
    8   6.7413382500000001  1.2992434300000000  0.4605298600000000 
    1   9.7534043300000004  2.1379610800000002  3.7781017100000001 
    1   5.9301557899999997  1.7505116199999999  0.1284472400000000 
    1   8.9680539600000007  3.5039711900000001  3.7822176000000001 
    1   6.7161937600000003  0.3837515400000000  0.1256421400000000 
    8   6.7000554799999996  1.2829063900000000  3.2092920700000001 
    8   8.9887175599999996  2.6005381200000000  6.8673837000000004 
    1   6.7194934399999999  1.2970274399999999  2.2299021300000001 
    1   8.9621292900000000  2.5901107400000001  5.8877235199999998 
    1   7.5153880700000002  1.7499062400000001  3.5088561600000001 
    1   8.1730761399999992  2.1333002799999998  7.1688085199999998 
    8   8.9465448799999994  2.5796531200000001 11.4391498400000007 
    8   6.7430551699999999  1.3041272699999999  7.7857282899999998 
    1   9.7561136299999998  2.1341346099999998 11.0990475600000007 
    1   5.9309480700000003  1.7472785300000000  7.4382352500000000 
    1   8.9645691599999999  3.5025689999999998 11.1049101199999996 
    1   6.7178207299999997  0.3807472200000000  7.4421907899999997 
    8   6.7105172499999997  1.2817201199999999 10.5270098200000000 
    8   8.9864489899999995  2.6034120399999998 14.1887326500000004 
    1   6.7208815399999997  1.2947474699999999  9.5455513399999994 
    1   8.9638885399999992  2.5817585400000000 13.1991190899999999 
    1   7.5116473499999996  1.7506867200000000 10.8285244600000006 
    1   8.1764313600000005  2.1310754099999998 14.4892786099999995 
    8  11.1862504499999993  6.4675775900000003  4.1257327899999998 
    8   8.9814574999999994  5.1907702100000002  0.4602044000000000 
    1  11.9967313400000002  6.0226430300000002  3.7840241799999998 
    1   8.1644486999999994  5.6329077600000002  0.1270632600000000 
    1  11.2039889000000006  7.3906856599999999  3.7765326099999998 
    1   8.9595012000000001  4.2603605399999998  0.1313586200000000 
    8   8.9382938599999999  5.1680517200000002  3.2039953300000001 
    8  11.2209953700000007  6.4866942500000002  6.8665832900000003 
    1   8.9570546300000000  5.1758675099999998  2.2299625100000000 
    1  11.2005905299999995  6.4696874500000003  5.8871313299999999 
    1   9.7492312600000002  5.6329128700000002  3.5079377400000000 
    1  10.4083771800000005  6.0133639499999996  7.1726884499999999 
    8  11.1793080899999993  6.4672762800000001 11.4428866399999993 
    8   8.9739181499999994  5.1914105099999999  7.7793524700000001 
    1  11.9901971300000003  6.0226217799999997 11.1034240600000000 
    1   8.1675924299999991  5.6271144599999996  7.4433518799999998 
    1  11.2085292800000005  7.3764522200000000 11.1095034699999999 
    1   8.9596831699999999  4.2632995500000002  7.4424554000000001 
    8   8.9434728299999993  5.1673074300000001 10.5265708999999994 
    8  11.2182050800000006  6.4819564300000003 14.1848142900000003 
    1   8.9616455500000001  5.1835889799999997  9.5466416100000000 
    1  11.2057222599999999  6.4706503499999997 13.2098775300000000 
    1   9.7492426000000005  5.6396999699999997 10.8309964000000001 
    1  10.4113875300000007  6.0168416300000001 14.4831819399999997 
