 3  1  1 E -0.0E+0 DE 0.0E+0( 1) 
 8.96536240000000006E+00 0.00000000000000000E+00 0.00000000000000000E+00 
 4.47614728695973607E+00 7.76800028506544038E+00 0.00000000000000000E+00 
 0.00000000000000000E+00 0.00000000000000000E+00 1.46387584600000000E+01 
  1 
 1.00000000000000000E+00 0.00000000000000000E+00 0.00000000000000000E+00 
 0.00000000000000000E+00 1.00000000000000000E+00 0.00000000000000000E+00 
 0.00000000000000000E+00 0.00000000000000000E+00 1.00000000000000000E+00 
 0.00000000000000000E+00 0.00000000000000000E+00 0.00000000000000000E+00 
       96 
    8   4.4616681900000001  2.5758906600000002  4.1218883799999997 
    8   2.2586220699999999  1.3034349500000000  0.4634995900000000 
    1   5.2696215300000002  2.1364612699999999  3.7850713100000002 
    1   1.4455542800000001  1.7450356100000000  0.1267055300000000 
    1   4.4856824299999998  3.5005702799999998  3.7887619799999999 
    1   2.2343187400000000  0.3842046400000000  0.1251358800000000 
    8   2.2201546699999999  1.2891261500000000  3.2100757299999998 
    8   4.5004404600000001  2.5978357000000001  6.8675191299999998 
    1   2.2443144500000001  1.2988156399999999  2.2270517800000000 
    1   4.4782669600000000  2.5885355300000001  5.8883400600000000 
    1   3.0359182100000002  1.7518188200000000  3.5038898700000001 
    1   3.6835701300000001  2.1303905200000002  7.1695878600000000 
    8   4.4666199899999999  2.5814203800000000 11.4407151299999992 
    8   2.2594149699999999  1.3052041800000000  7.7810081200000001 
    1   5.2755284199999997  2.1386741300000001 11.1055779900000005 
    1   1.4480665300000000  1.7462888999999999  7.4451088299999997 
    1   4.4846054400000002  3.5045571000000000 11.1037133499999996 
    1   2.2395241000000001  0.3856727300000000  7.4426156399999996 
    8   2.2187888099999999  1.2807430700000000 10.5339563300000005 
    8   4.5011800099999997  2.6038565800000000 14.1887985000000008 
    1   2.2374774999999998  1.2971162000000001  9.5536131399999995 
    1   4.4837384900000004  2.5933788700000000 13.2091223499999995 
    1   3.0268858500000002  1.7541591000000001 10.8339217699999999 
    1   3.6853637099999998  2.1361887199999998 14.4865853199999997 
    8   6.7017005500000000  6.4714107700000003  4.1175867600000000 
    8   4.4995660500000003  5.1864403899999996  0.4626778200000000 
    1   7.5121125299999996  6.0202871099999999  3.7874450999999998 
    1   3.6917993999999998  5.6310134200000004  0.1210532400000000 
    1   6.7197916600000003  7.3882766999999996  3.7855511499999999 
    1   4.4758367400000001  4.2632726099999996  0.1207780200000000 
    8   4.4653806600000001  5.1707235000000003  3.2119431100000000 
    8   6.7361974099999999  6.4873998300000002  6.8696678200000001 
    1   4.4758211100000000  5.1778689000000000  2.2316908000000000 
    1   6.7183883299999998  6.4746580299999996  5.8852072199999999 
    1   5.2668184299999998  5.6340253799999997  3.5109895299999998 
    1   5.9253539899999996  6.0159252499999996  7.1715647400000000 
    8   6.7056483299999998  6.4650335400000003 11.4411638999999994 
    8   4.4971791000000003  5.1904643100000003  7.7821804800000001 
    1   7.5135272899999999  6.0161285500000004 11.1019135799999997 
    1   3.6801811500000001  5.6356386599999997  7.4462550900000002 
    1   6.7273699499999999  7.3846022199999997 11.1035634099999996 
    1   4.4759087099999997  4.2615053500000002  7.4416968199999998 
    8   4.4558472199999999  5.1677019199999998 10.5330625199999997 
    8   6.7380593199999996  6.4811194199999997 14.1912167199999999 
    1   4.4760837899999997  5.1785512100000002  9.5423849599999997 
    1   6.7197975799999998  6.4734502999999997 13.2032921999999999 
    1   5.2684702100000003  5.6336749199999998 10.8346761899999997 
    1   5.9276625699999999  6.0142379300000002 14.4884013300000003 
    8   8.9432668399999997  2.5872996499999998  4.1180555300000004 
    8   6.7422559900000003  1.3083364700000000  0.4623717400000000 
    1   9.7514923000000007  2.1370729300000000  3.7820846600000002 
    1   5.9340904700000001  1.7480163600000000  0.1218843100000000 
    1   8.9687817699999997  3.4975204500000001  3.7812982900000001 
    1   6.7191772600000004  0.3785915500000000  0.1192394900000000 
    8   6.7046618100000002  1.2870284299999999  3.2101173900000002 
    8   8.9824351199999999  2.6026470399999999  6.8696911399999996 
    1   6.7184933600000001  1.2978913999999999  2.2256979499999998 
    1   8.9651597899999995  2.5905922299999999  5.8807532100000000 
    1   7.5184670300000001  1.7547453099999999  3.5085616700000002 
    1   8.1685577600000006  2.1271701500000000  7.1686697900000000 
    8   8.9461576199999993  2.5777410199999999 11.4396419100000006 
    8   6.7406758599999996  1.3011367700000001  7.7836431700000004 
    1   9.7563275399999991  2.1350437599999998 11.1012232300000004 
    1   5.9283130300000000  1.7493592899999999  7.4456052100000001 
    1   8.9681726899999994  3.5015684899999999 11.1020199099999992 
    1   6.7201597000000000  0.3832821500000000  7.4403125499999998 
    8   6.7060483000000000  1.2864346200000001 10.5273546400000004 
    8   8.9837073499999995  2.6020711500000000 14.1902118599999998 
    1   6.7197709999999997  1.2954124400000000  9.5495310700000005 
    1   8.9670518799999996  2.5885653600000000 13.2009131499999999 
    1   7.5147085499999999  1.7553100500000001 10.8274319499999994 
    1   8.1760786299999992  2.1325194100000000 14.4882827699999996 
    8  11.1803566399999994  6.4616601700000000  4.1225420100000001 
    8   8.9790611200000008  5.1914759500000001  0.4651204100000000 
    1  11.9925525499999992  6.0208944899999999  3.7821095100000002 
    1   8.1669024900000000  5.6371561300000002  0.1233804600000000 
    1  11.2059885399999999  7.3815483799999999  3.7820377100000000 
    1   8.9582910099999999  4.2626093200000001  0.1257723100000000 
    8   8.9398277099999994  5.1677359899999997  3.2109864400000001 
    8  11.2169122399999992  6.4866520400000001  6.8660252599999998 
    1   8.9623855300000006  5.1777535200000004  2.2266539999999999 
    1  11.1983416899999995  6.4701759499999998  5.8880645200000004 
    1   9.7526820799999996  5.6340838299999998  3.5111719899999998 
    1  10.4119711600000002  6.0218891499999998  7.1781713299999996 
    8  11.1845263199999998  6.4662954600000004 11.4466474300000005 
    8   8.9755676599999994  5.1921864199999996  7.7868057300000002 
    1  11.9953136800000006  6.0245157499999999 11.1096126500000008 
    1   8.1705933300000009  5.6298301600000000  7.4424513599999997 
    1  11.2030417000000000  7.3898840600000000 11.1020682399999995 
    1   8.9583673400000006  4.2606185800000000  7.4403894499999996 
    8   8.9445418300000004  5.1650306700000002 10.5272232700000004 
    8  11.2213520700000000  6.4853240999999997 14.1858929000000007 
    1   8.9592953600000005  5.1784927700000001  9.5487521300000004 
    1  11.2055381900000004  6.4720573600000000 13.2060159299999995 
    1   9.7548086299999994  5.6398190799999997 10.8247240700000003 
    1  10.4083538999999998  6.0137546799999999 14.4929936599999998 
